0 16384 11284 12286 12012 12140 64106
1 16384 19019 19112 19656 18576 92747
2 20480 17290 16382 16380 17552 88084
3 12288 16380 17064 16653 16528 78913
4 24576 19019 19112 18018 17552 98277
5 12288 16471 16382 16380 16382 77903
6 16384 16380 17064 16653 16528 83009
7 20480 17290 16382 18018 17552 89722
8 12288 18200 17064 18018 18576 84146
9 24576 17290 19112 18018 17552 96548
10 12288 16380 16382 15015 15358 75423
11 16384 16471 17064 16380 17552 83851
12 20480 18109 16382 19656 18722 93349
13 12288 16471 17064 16380 15358 77561
14 24576 19019 19112 18018 18576 99301
15 12288 15561 16382 16653 16528 77412
16 16384 16380 17064 16380 16382 82590
17 20480 18200 16382 18018 17552 90632
18 16384 19019 19112 18018 18722 91255
19 20480 17290 17064 16653 17552 89039
20 12288 16380 16382 18018 17552 80620
21 16384 17290 17064 16380 16382 83500
22 20480 15561 16382 16653 16528 85604
23 16384 19929 19112 19383 19746 94554
24 20480 17290 17064 16653 16382 87869
25 12288 18109 19112 18018 17552 85079
26 16384 17290 16382 18018 17552 85626
27 20480 16471 17064 16380 17552 87947
28 16384 17290 19112 16653 16528 85967
29 20480 18109 16382 18018 17552 90541
30 12288 16471 17064 18018 17552 81393
31 24576 17290 16382 16380 17552 92180
32 12288 17290 17064 18018 17552 82212
33 16384 19019 19112 18018 17552 90085
34 20480 14651 14334 15015 15358 79838
35 12288 18200 19112 18018 18576 86194
36 24576 18109 19112 18018 17552 97367
37 12288 17290 16382 16653 17552 80165
38 16384 16471 17064 16380 16528 82827
39 20480 17290 16382 18018 16382 88552
40 12288 17290 17064 16653 18722 82017
41 24576 19019 19112 19383 17552 99642
42 12288 15561 16382 15015 16382 75628
43 24576 19019 19112 19656 18722 101085
44 12288 15561 14334 16380 16382 74945
45 16384 18109 19112 16653 17552 87810
46 20480 16471 17064 18018 16528 88561
47 12288 17290 16382 16380 17552 79892
48 16384 19019 19112 18018 18576 91109
49 20480 15561 17064 16653 16528 86286
50 16384 19019 16382 19383 17552 88720
51 20480 16380 17064 15015 16382 85321
52 12288 18200 19112 19656 18722 87978
53 24576 17290 16382 16380 17552 92180
54 12288 16380 17064 16653 16382 78767
55 16384 18200 19112 18018 18722 90436
56 20480 16380 14334 18018 16382 85594
57 16384 19019 19112 18018 17552 90085
58 20480 16471 16382 16380 17552 87265
59 12288 17290 19112 18018 17552 84260
60 16384 17290 17064 16653 17552 84943
61 20480 17290 16382 16380 16528 87060
62 16384 18109 19112 19656 18576 91837
63 20480 16471 17064 15015 16528 85558
64 12288 19019 16382 19383 17552 84624
65 24576 17290 19112 18018 18576 97572
66 12288 16380 14334 16653 16528 76183
67 16384 18200 19112 18018 17552 89266
68 20480 15561 17064 15015 16382 84502
69 16384 18109 16382 18018 17552 86445
70 20480 17290 17064 18018 17552 90404
71 12288 18200 19112 18018 18722 86340
72 16384 18109 19112 18018 16382 88005
73 20480 16471 14334 16380 17552 85217
74 16384 18109 19112 18018 17552 89175
75 20480 16471 16382 16653 17552 87538
76 12288 17290 17064 18018 16528 81188
77 24576 17290 19112 16380 17552 94910
78 12288 17290 16382 18018 17552 81530
79 16384 18109 17064 18018 17552 87127
80 20480 15561 16382 15015 16382 83820
81 16384 19019 19112 18018 17552 90085
82 20480 17290 17064 18018 17552 90404
83 12288 17290 16382 18018 17552 81530
84 16384 18200 19112 16653 17552 87901
85 20480 15561 17064 16380 16528 86013
86 16384 18109 16382 18018 18576 87469
87 20480 16471 17064 16653 16528 87196
88 12288 18109 19112 18018 17552 85079
89 16384 17290 14334 18018 17552 83578
90 20480 16471 19112 16380 16382 88825
91 16384 18109 16382 18018 17552 86445
92 20480 18200 17064 16653 17552 89949
93 12288 16380 19112 18018 17552 83350
94 24576 18200 16382 18018 18722 95898
95 12288 16380 17064 16380 15358 77470
96 16384 18200 19112 18018 17552 89266
97 20480 17290 16382 16653 17552 88357
98 16384 18109 19112 18018 18576 90199
99 20480 17290 17064 18018 16528 89380
100 12288 16471 16382 16380 17552 79073
101 16384 18109 17064 18018 17552 87127
102 20480 16471 16382 16653 16382 86368
103 16384 19019 19112 19383 19746 93644
104 20480 15561 17064 15015 15358 83478
105 12288 18109 16382 18018 18722 83519
106 24576 17290 17064 18018 16382 93330
107 12288 17290 19112 16653 17552 82895
108 16384 17290 16382 18018 17552 85626
109 20480 16471 17064 15015 16528 85558
110 16384 19019 19112 19383 18576 92474
111 20480 17290 16382 18018 17552 89722
112 12288 17290 17064 16653 16528 79823
113 16384 17290 19112 18018 18576 89380
114 20480 16380 14334 16380 16528 84102
115 16384 19019 19112 18018 17552 90085
116 20480 15561 16382 16653 15358 84434
117 12288 19019 19112 18018 19746 88183
118 24576 17290 17064 18018 17552 94500
119 12288 17290 16382 16380 16382 78722
120 16384 17290 17064 18018 17552 86308
121 20480 16471 16382 16653 17552 87538
122 16384 19019 19112 18018 18722 91255
123 20480 16380 17064 18018 16382 88324
124 12288 17290 19112 16380 16528 81598
125 16384 19019 16382 18018 18576 88379
126 20480 15561 17064 16653 16528 86286
127 16384 17290 16382 16380 16382 82818
128 20480 18200 19112 18018 18722 94532
129 12288 16380 17064 18018 17552 81302
130 24576 19019 16382 18018 17552 95547
131 12288 15561 17064 15015 16382 76310
132 16384 18200 19112 19656 18722 92074
133 20480 16380 16382 16380 16382 86004
134 16384 19019 17064 18018 18722 89207
135 20480 16471 19112 16653 16382 89098
136 12288 17290 16382 18018 16528 80506
137 16384 18109 17064 18018 18576 88151
138 20480 16471 16382 16380 16528 86241
139 16384 18109 17064 18018 17552 87127
140 20480 16471 19112 16653 16382 89098
141 12288 18109 16382 18018 18722 83519
142 16384 17290 17064 18018 17552 86308
143 20480 17290 19112 16380 17552 90814
144 16384 16471 16382 16653 16382 82272
145 20480 16380 17064 16380 16528 86832
146 12288 19019 16382 18018 17552 83259
147 24576 18200 19112 18018 18576 98482
148 12288 16380 17064 18018 16528 80278
149 16384 18200 19112 16653 18576 88925
150 20480 16380 14334 18018 16528 85740
151 16384 18200 19112 18018 17552 89266
152 20480 16380 16382 16380 16382 86004
153 12288 18200 17064 16653 18722 82927
154 16384 18109 19112 18018 17552 89175
155 20480 15561 16382 16380 16382 85185
156 16384 19019 17064 18018 18722 89207
157 20480 16471 16382 16653 15358 85344
158 12288 17290 17064 18018 18576 83236
159 24576 18109 19112 18018 17552 97367
160 12288 15561 16382 16380 16528 77139
161 16384 19019 19112 18018 18576 91109
162 20480 17290 17064 18018 16528 89380
163 16384 18200 16382 18018 18576 87560
164 20480 16380 17064 16653 16528 87105
165 12288 18200 19112 18018 17552 85170
166 16384 17290 16382 18018 18576 86650
167 20480 16380 17064 16380 16528 86832
168 16384 18200 19112 16653 17552 87901
169 20480 16380 14334 16380 16382 83956
170 12288 18200 19112 19656 18722 87978
171 24576 18109 19112 16380 17552 95729
172 12288 16471 14334 16653 16382 76128
173 16384 16380 19112 18018 16528 86422
174 20480 17290 16382 16380 17552 88084
175 12288 18200 17064 18018 18576 84146
176 24576 17290 19112 18018 16528 95524
177 12288 17290 14334 16653 16382 76947
178 16384 18109 19112 18018 18722 90345
179 20480 15561 16382 16380 15358 84161
180 12288 18200 19112 18018 18576 86194
181 24576 18109 17064 18018 18722 96489
182 12288 16471 16382 16653 16382 78176
183 16384 18109 19112 18018 17552 89175
184 20480 17290 17064 16380 16528 87742
185 16384 17290 16382 18018 18576 86650
186 20480 17290 17064 16653 17552 89039
187 12288 17290 19112 18018 16528 83236
188 16384 18200 16382 18018 17552 86536
189 20480 16380 17064 16380 16382 86686
190 16384 18200 16382 18018 18722 87706
191 20480 16380 17064 16653 16382 86959
192 12288 17290 19112 18018 17552 84260
193 24576 18200 16382 16380 17552 93090
194 12288 16380 17064 18018 17552 81302
195 16384 18200 19112 16653 17552 87901
196 20480 16380 16382 16380 16528 86150
197 16384 18200 17064 19656 17552 88856
198 20480 16380 16382 16380 17552 87174
199 12288 19019 19112 18018 18576 87013
200 16384 17290 17064 18018 16528 85284
201 20480 17290 19112 16653 17552 91087
202 16384 18200 16382 18018 18576 87560
203 20480 16380 17064 16380 15358 85662
204 12288 17290 16382 18018 17552 81530
205 24576 17290 19112 16653 18722 96353
206 12288 17290 17064 18018 17552 82212
207 16384 17290 16382 16380 16382 82818
208 20480 16471 17064 16653 16528 87196
209 16384 19019 19112 19383 18576 92474
210 20480 16380 16382 16653 16528 86423
211 12288 17290 17064 18018 17552 82212
212 16384 18200 19112 16380 17552 87628
213 20480 16380 14334 16653 17552 85399
214 16384 18200 19112 19383 17552 90631
215 20480 16380 16382 15015 16382 84639
216 12288 18200 19112 19656 18722 87978
217 16384 17290 17064 16380 16382 83500
218 20480 16380 16382 16653 17552 87447
219 16384 19019 17064 18018 17552 88037
220 20480 16471 16382 16380 16528 86241
221 16384 19019 19112 19656 19746 93917
222 20480 16380 17064 16380 16382 86686
223 12288 18200 19112 18018 17552 85170
224 16384 16380 16382 16653 17552 83351
225 20480 16471 17064 16380 16528 86923
226 16384 19019 19112 19656 17552 91723
227 20480 16380 14334 16380 16382 83956
228 12288 18200 19112 18018 19746 87364
229 24576 17290 19112 18018 16528 95524
230 12288 17290 14334 16653 16382 76947
231 16384 18109 19112 18018 18722 90345
232 20480 16471 16382 16380 16382 86095
233 16384 18109 19112 18018 18722 90345
234 20480 16471 17064 16653 16382 87050
235 12288 18109 16382 18018 18722 83519
236 16384 18200 19112 18018 17552 89266
237 20480 17290 17064 18018 17552 90404
238 16384 17290 16382 16380 17552 83988
239 20480 17290 17064 18018 16382 89234
240 12288 18109 19112 18018 18722 86249
241 24576 18200 16382 16653 17552 93363
242 12288 15561 17064 18018 16382 79313
243 16384 18109 19112 18018 17552 89175
244 20480 17290 16382 16380 17552 88084
245 16384 18200 19112 18018 17552 89266
246 20480 16380 17064 16653 16528 87105
247 12288 18200 16382 18018 18576 83464
248 24576 18109 19112 18018 17552 97367
249 12288 16471 17064 16380 16528 78731
250 16384 17290 16382 16653 17552 84261
251 20480 17290 17064 18018 16382 89234
252 16384 18109 19112 18018 18722 90345
253 20480 16471 16382 16380 17552 87265
254 12288 18109 17064 18018 17552 83031
255 16384 18200 16382 18018 17552 86536
256 20480 15561 17064 16653 16382 86140
257 16384 18109 19112 18018 17552 89175
258 20480 16471 16382 16380 17552 87265
259 12288 19019 19112 19656 18722 88797
260 24576 18109 17064 18018 17552 95319
261 12288 18200 19112 16380 17552 83532
262 16384 16380 14334 16653 16382 80133
263 20480 15561 16382 16380 16528 85331
264 16384 19019 19112 19656 19746 93917
265 20480 17290 17064 16380 16382 87596
266 12288 17290 16382 16653 16528 79141
267 24576 18200 19112 19383 18576 99847
268 12288 16380 17064 16653 17552 79937
269 16384 18200 19112 16380 16528 86604
270 20480 15561 14334 16653 16382 83410
271 12288 19019 19112 19383 18722 88524
272 24576 18109 19112 16653 17552 96002
273 12288 17290 16382 18018 17552 81530
274 16384 17290 17064 16380 17552 84670
275 20480 16471 16382 16653 16382 86368
276 16384 17290 17064 18018 18722 87478
277 20480 17290 19112 16380 16382 89644
278 12288 19019 19112 19656 18722 88797
279 16384 16380 14334 18018 16382 81498
280 20480 16471 19112 15015 16528 87606
281 16384 18109 16382 18018 17552 86445
282 20480 16471 17064 18018 17552 89585
283 12288 18109 19112 18018 17552 85079
284 16384 17290 16382 16380 17552 83988
285 20480 16471 14334 16653 16382 84320
286 16384 19019 19112 18018 18722 91255
287 20480 16380 17064 18018 16382 88324
288 16384 18200 19112 16380 17552 87628
289 20480 16380 16382 16653 16528 86423
290 12288 18200 17064 18018 18576 84146
291 16384 17290 16382 18018 17552 85626
292 20480 15561 17064 15015 16528 84648
293 16384 18109 19112 18018 17552 89175
294 20480 18200 16382 19383 17552 91997
295 12288 16380 17064 16653 17552 79937
296 16384 18200 19112 18018 17552 89266
297 20480 16380 16382 15015 16382 84639
298 16384 18200 17064 18018 17552 87218
299 20480 15561 16382 16380 16528 85331
300 12288 19019 19112 19656 18576 88651
301 16384 17290 17064 16380 17552 84670
302 20480 17290 16382 16653 16528 87333
303 16384 17290 19112 18018 18576 89380
304 20480 17290 17064 16380 16528 87742
305 12288 17290 16382 19656 17552 83168
306 24576 17290 17064 16380 16382 91692
307 12288 19019 19112 19656 19746 89821
308 16384 16380 16382 16380 16528 82054
309 20480 17290 17064 16653 17552 89039
310 16384 18200 19112 18018 17552 89266
311 20480 17290 16382 16380 17552 88084
312 12288 17290 17064 18018 17552 82212
313 24576 17290 19112 18018 16382 95378
314 12288 18109 16382 18018 18722 83519
315 16384 17290 17064 16653 16382 83773
316 20480 17290 19112 18018 18722 93622
317 16384 17290 16382 16380 16382 82818
318 20480 16471 17064 16653 17552 88220
319 12288 19019 19112 19383 18722 88524
320 24576 18109 16382 18018 17552 94637
321 12288 17290 17064 16653 16382 79677
322 16384 18200 19112 18018 19746 91460
323 20480 16380 16382 16380 15358 84980
324 16384 17290 17064 18018 18722 87478
325 20480 17290 19112 18018 16382 91282
326 12288 18200 16382 16653 17552 81075
327 16384 16380 17064 18018 16528 84374
328 20480 17290 16382 16380 17552 88084
329 16384 17290 19112 18018 17552 88356
330 20480 17290 17064 16653 17552 89039
331 12288 18200 16382 18018 17552 82440
332 24576 18109 19112 18018 17552 97367
333 12288 16471 17064 16380 16382 78585
334 16384 18109 16382 18018 18722 87615
335 20480 16471 17064 16653 17552 88220
336 16384 18109 19112 18018 16382 88005
337 20480 17290 16382 18018 17552 89722
338 12288 17290 17064 16380 17552 80574
339 24576 18200 19112 18018 18722 98628
340 12288 16380 16382 16653 16382 78085
341 16384 16471 17064 18018 16528 84465
342 20480 17290 16382 16380 17552 88084
343 12288 19019 19112 18018 17552 85989
344 24576 17290 17064 18018 17552 94500
345 12288 16380 16382 16653 17552 79255
346 16384 17290 17064 18018 17552 86308
347 20480 17290 19112 16380 16382 89644
348 16384 19019 16382 18018 18722 88525
349 20480 15561 17064 16653 16382 86140
350 12288 18200 19112 18018 18722 86340
351 16384 17290 16382 18018 16382 84456
352 20480 16380 17064 16380 16528 86832
353 16384 19929 19112 19656 19746 94827
354 20480 16380 16382 16380 16382 86004
355 12288 17290 17064 16653 16528 79823
356 24576 18200 19112 18018 18576 98482
357 12288 16380 16382 16380 16528 77958
358 16384 17290 17064 18018 17552 86308
359 20480 16471 16382 16653 17552 87538
360 16384 18109 17064 18018 17552 87127
361 20480 17290 16382 16380 16382 86914
362 12288 17290 19112 18018 17552 84260
363 16384 17290 17064 16653 17552 84943
364 20480 17290 16382 18018 17552 89722
365 16384 17290 19112 18018 17552 88356
366 20480 17290 17064 16380 17552 88766
367 12288 17290 16382 16653 16528 79141
368 16384 18200 17064 18018 17552 87218
369 20480 16380 16382 16380 17552 87174
370 16384 18200 19112 19656 17552 90904
371 20480 15561 17064 15015 15358 83478
372 12288 17290 16382 18018 17552 81530
373 24576 19019 19112 18018 18576 99301
374 12288 17290 17064 18018 17552 82212
375 16384 16380 16382 16380 16528 82054
376 20480 16471 17064 16653 17552 88220
377 12288 19019 19112 18018 18576 87013
378 24576 17290 16382 16380 16528 91156
379 12288 16380 17064 18018 17552 81302
380 16384 18200 19112 18018 17552 89266
381 20480 17290 16382 16653 16382 87187
382 12288 17290 17064 18018 17552 82212
383 24576 18109 16382 16380 17552 92999
384 12288 17290 17064 18018 17552 82212
385 16384 17290 19112 16653 17552 86991
386 20480 16471 16382 18018 17552 88903
387 16384 18109 17064 18018 17552 87127
388 20480 16471 19112 16380 16528 88971
389 12288 18109 16382 18018 18576 83373
390 24576 17290 17064 18018 16528 93476
391 12288 17290 19112 16653 17552 82895
392 16384 17290 16382 16380 17552 83988
393 20480 16471 17064 18018 16382 88415
394 16384 19019 19112 18018 18722 91255
395 20480 17290 16382 16653 17552 88357
396 12288 18109 17064 18018 17552 83031
397 16384 16471 16382 18018 16382 83637
398 20480 16380 17064 16380 17552 87856
399 16384 18200 19112 18018 17552 89266
400 20480 16380 16382 16653 16528 86423
401 12288 19929 19112 18018 18576 87923
402 24576 17290 17064 18018 18722 95670
403 12288 17290 16382 18018 16382 80360
404 16384 17290 19112 18018 17552 88356
405 20480 17290 17064 15015 16528 86377
406 16384 17290 16382 18018 18576 86650
407 20480 17290 17064 18018 16528 89380
408 12288 17290 19112 18018 17552 84260
409 16384 17290 16382 16380 17552 83988
410 20480 16380 17064 16653 16382 86959
411 16384 18200 16382 18018 18722 87706
412 20480 17290 17064 16380 16382 87596
413 16384 18109 19112 19656 18722 91983
414 20480 17290 16382 16380 16382 86914
415 12288 17290 17064 18018 18722 83382
416 16384 17290 19112 16653 16382 85821
417 20480 16471 16382 16380 16528 86241
418 16384 18109 17064 18018 18576 88151
419 20480 17290 16382 18018 16528 88698
420 12288 18200 19112 16653 18576 84829
421 16384 17290 17064 18018 17552 86308
422 20480 17290 19112 18018 17552 92452
423 16384 17290 16382 18018 17552 85626
424 20480 17290 17064 16380 16528 87742
425 16384 19019 19112 19656 18576 92747
426 20480 15561 16382 15015 16528 83966
427 12288 19019 17064 18018 17552 83941
428 16384 16380 19112 18018 17552 87446
429 20480 17290 16382 16380 17552 88084
430 16384 17290 17064 18018 17552 86308
431 16384 18200 19112 18018 17552 89266
432 16384 18109 16382 16653 17552 85080
433 20480 16471 17064 18018 16382 88415
434 16384 16380 16382 16380 17552 83078
435 16384 18200 17064 16653 16528 84829
436 16384 17290 16382 18018 17552 85626
437 16384 16380 19112 16380 17552 85808
438 16384 17290 17064 18018 16382 85138
439 20480 17290 16382 16653 17552 88357
440 16384 17290 17064 16380 16528 83646
441 16384 16471 16382 18018 17552 84807
442 16384 18109 17064 16653 17552 85762
443 16384 16471 19112 18018 16382 86367
444 20480 17290 16382 16380 17552 88084
445 16384 17290 17064 16653 16528 83919
446 16384 17290 16382 18018 17552 85626
447 16384 17290 17064 18018 17552 86308
448 16384 16380 19112 16380 17552 85808
449 16384 17290 16382 16653 17552 84261
450 20480 17290 17064 16380 15358 86572
451 16384 16471 16382 18018 17552 84807
452 16384 17290 17064 16653 17552 84943
453 16384 17290 16382 18018 17552 85626
454 16384 18109 17064 16380 17552 85489
455 16384 16471 19112 18018 16382 86367
456 20480 16380 16382 16653 16528 86423
457 16384 18200 17064 16380 17552 85580
458 16384 16380 16382 18018 17552 84716
459 16384 18200 17064 16653 17552 85853
460 16384 16380 19112 18018 16382 86276
461 20480 17290 14334 16380 16528 85012
462 16384 16471 19112 16653 16382 85002
463 16384 17290 16382 18018 17552 85626
464 16384 17290 17064 16380 18722 85840
465 20480 18109 19112 18018 17552 93271
466 16384 17290 16382 18018 16382 84456
467 16384 16471 17064 16653 17552 84124
468 16384 19019 19112 18018 17552 90085
469 16384 16380 16382 16380 17552 83078
470 20480 17290 17064 18018 17552 90404
471 16384 16471 16382 16653 16528 82418
472 16384 19019 17064 18018 17552 88037
473 16384 15561 16382 16380 16382 81089
474 16384 17290 17064 16653 16528 83919
475 16384 17290 19112 18018 17552 88356
476 20480 17290 16382 16380 17552 88084
477 16384 16380 17064 16653 17552 84033
478 16384 18200 16382 18018 16382 85366
479 16384 16380 17064 16380 17552 83760
480 16384 17290 16382 16653 16528 83237
481 20480 17290 19112 18018 17552 92452
482 16384 18200 17064 19383 18576 89607
483 16384 15561 16382 15015 15358 78700
484 16384 18109 17064 18018 18722 88297
485 20480 17290 19112 16653 16382 89917
486 16384 16471 16382 16380 16528 82145
487 16384 16380 17064 16653 16382 82863
488 16384 18200 16382 18018 18722 87706
489 16384 17290 17064 16380 16382 83500
490 16384 16380 16382 18018 17552 84716
491 20480 17290 17064 16653 17552 89039
492 16384 17290 19112 18018 16528 87332
493 16384 16471 16382 16380 16382 81999
494 16384 16380 17064 16653 16528 83009
495 16384 19019 16382 18018 18576 88379
496 20480 17290 19112 18018 17552 92452
497 16384 17290 17064 16380 17552 84670
498 16384 16471 16382 18018 16528 83783
499 16384 17290 17064 16653 17552 84943
500 16384 17290 16382 18018 17552 85626
501 20480 17290 17064 16380 17552 88766
502 16384 17290 19112 16653 16382 85821
503 16384 16380 16382 16380 16528 82054
504 16384 18200 15700 18018 17552 85854
505 16384 16380 18432 16653 16382 84231
506 16384 17290 16384 18018 18722 86798
507 16384 16471 16384 16380 15358 80977
508 20480 17290 18432 18018 17552 91772
509 16384 18109 16384 16653 18576 86106
510 16384 14742 16384 15015 14334 76859
511 16384 17290 16384 18018 16382 84458
512 16384 17290 16384 16380 18722 85160
513 16384 17290 18432 16653 16382 85141
514 16384 16380 16384 18018 16528 83694
515 20480 17290 16384 16380 17552 88086
516 16384 17290 18432 16653 16382 85141
517 16384 15561 16384 16380 16528 81237
518 16384 17290 16384 18018 17552 85628
519 16384 17290 16384 16653 16382 83093
520 16384 16471 16384 16380 17552 83171
521 16384 17290 18432 16653 16528 85287
522 16384 17290 16384 18018 17552 85628
523 16384 16380 16384 16380 15358 80886
524 20480 17290 18432 18018 18576 92796
525 16384 16471 16384 16653 16528 82420
526 16384 16380 16384 16380 16382 81910
527 16384 18200 18432 18018 17552 88586
528 16384 16380 16384 16653 16528 82329
529 16384 18200 16384 16380 18576 85924
530 16384 15561 16384 16380 15358 80067
531 16384 16380 16384 16380 16528 82056
532 20480 18200 18432 17745 18576 93433
533 16384 15561 16384 16380 15358 80067
534 16384 17290 16384 17745 17552 85355
535 16384 17290 16384 16380 16528 82966
536 16384 16380 18432 16380 16382 83958
537 16384 16471 16384 16380 16528 82147
538 16384 17290 16384 17745 17552 85355
539 16384 17290 16384 16380 17552 83990
540 20480 16380 18432 17745 16382 89419
541 16384 17290 16384 16380 15944 82382
542 16384 17290 16384 16380 17408 83846
543 16384 15561 16384 16380 16384 81093
544 16384 16471 16384 16380 16384 82003
545 16384 17290 16384 17745 16384 84187
546 16384 17290 18432 16380 17408 85894
547 16384 16380 16384 16380 16384 81912
548 16384 15561 16384 16380 16384 81093
549 16384 17199 16384 17745 17408 85120
550 16384 17199 16384 16380 16384 82731
551 16384 16380 16384 16380 16384 81912
552 16384 16380 16384 16380 17408 82936
553 16384 17199 16384 17745 16384 84096
554 16384 15561 16384 15015 16384 79728
555 16384 16380 16384 16380 16384 81912
556 16384 16380 16384 16380 16384 81912
557 20480 17199 18432 17745 16384 90240
558 16384 16380 16384 16380 17408 82936
559 16384 16380 16384 16380 16384 81912
560 16384 16380 16384 16380 16384 81912
561 16384 16380 16384 16380 16384 81912
562 16384 16380 16384 16380 16384 81912
563 16384 16380 16384 16380 16384 81912
564 16384 16380 16384 16380 16384 81912
565 16384 16380 16384 16380 16384 81912
566 16384 16380 16384 16380 16384 81912
567 16384 16380 16384 16380 16384 81912
568 16384 17199 16384 17745 16384 84096
569 16384 17199 16384 16380 17408 83755
570 16384 17199 18432 16380 17408 85803
571 16384 16380 16384 17745 16384 83277
572 16384 16380 16384 16380 16384 81912
573 16384 16380 16384 16380 16384 81912
574 16384 16380 16384 16380 16384 81912
575 16384 16380 16384 16380 16384 81912
576 16384 17199 16384 16380 17408 83755
577 16384 17199 16384 17745 16384 84096
578 16384 15561 16384 15015 16384 79728
579 8192 3276 4096 4095 2048 21707
