0 40960 12288 2730 2457 5460 3510 1820 1024 4096 3276 77621
1 16384 12288 10920 1638 13650 2340 4550 5120 6144 4914 77948
2 24576 20480 2730 1638 10920 2340 0 0 12288 6552 81524
3 24576 8192 2730 4914 8190 3510 5460 5120 6144 9828 78664
4 24576 20480 5460 3276 5460 2340 0 4096 6144 9828 81660
5 24576 20480 2730 1638 8190 7020 1820 5120 4096 3276 78946
6 32768 8192 6825 3276 10920 2340 1820 2048 4096 6552 78837
7 32768 20480 2730 1638 10920 3510 1820 1024 6144 3276 84310
8 32768 16384 2730 2457 2730 3510 3640 3072 4096 4914 76301
9 40960 12288 4095 819 8190 3510 910 1024 6144 8190 86130
10 8192 28672 4095 2457 5460 3510 2730 5120 10240 6552 77028
11 32768 8192 5460 3276 2730 4680 2730 7168 8192 3276 78472
12 16384 12288 5460 2457 8190 2340 3640 6144 12288 11466 80657
13 49152 8192 0 2457 10920 1170 2730 2048 2048 3276 81993
14 24576 20480 5460 4095 8190 2340 1820 2048 10240 8190 87439
15 24576 4096 2730 4095 5460 2340 3640 3072 10240 13104 73353
16 32768 12288 2730 1638 0 5850 3640 4096 14336 6552 83898
17 24576 16384 2730 3276 10920 2340 5460 1024 4096 6552 77358
18 24576 8192 5460 819 19110 7020 5460 3072 2048 3276 79033
19 40960 8192 8190 2457 5460 3510 5460 5120 4096 3276 86721
20 40960 8192 8190 2457 0 4680 0 1024 8192 1638 75333
21 32768 8192 5460 2457 5460 5850 4550 4096 10240 4914 83987
22 24576 12288 4095 3276 10920 1170 4550 5120 8192 3276 77463
23 8192 12288 5460 2457 16380 3510 4550 5120 6144 13104 77205
24 24576 16384 5460 4914 8190 2340 7280 2048 6144 3276 80612
25 49152 8192 4095 819 13650 0 0 2048 2048 4914 84918
26 16384 12288 6825 4914 19110 0 5460 3072 4096 3276 75425
27 24576 12288 5460 819 19110 4680 1820 5120 8192 1638 83703
28 16384 8192 9555 2457 5460 4680 2730 5120 14336 6552 75466
29 40960 16384 4095 4095 2730 3510 910 2048 4096 6552 85380
30 32768 4096 6825 2457 8190 3510 2730 3072 6144 4914 74706
31 16384 16384 6825 3276 13650 2340 3640 3072 8192 6552 80315
32 16384 12288 4095 3276 13650 3510 3640 5120 10240 9828 82031
33 24576 24576 5460 1638 5460 3510 1820 4096 6144 3276 80556
34 24576 16384 4095 819 5460 5850 5460 1024 14336 6552 84556
35 40960 4096 9555 5733 8190 0 910 2048 4096 1638 77226
36 0 4096 9555 819 16380 8190 5460 5120 16384 11466 77470
37 0 24576 5460 4914 10920 5850 4550 4096 10240 9828 80434
38 0 20480 6825 3276 13650 5850 4550 5120 10240 8190 78181
39 0 16384 6825 3276 13650 5850 4550 5120 10240 11466 77361
40 0 12288 8190 3276 16380 7020 3640 6144 8192 11466 76596
41 0 28672 4095 5733 8190 3510 5460 3072 12288 9828 80848
42 0 28672 2730 4914 5460 2340 5460 2048 12288 13104 77016
43 0 24576 4095 4914 8190 3510 5460 3072 12288 11466 77571
44 0 16384 9555 4095 13650 4680 4550 4096 10240 9828 77078
45 0 20480 8190 4095 10920 5850 4550 5120 10240 8190 77635
46 0 20480 8190 3276 13650 4680 4550 5120 10240 6552 76738
47 0 16384 10920 4914 10920 4680 5460 4096 10240 9828 77442
48 0 20480 8190 3276 13650 5850 4550 5120 8192 8190 77498
49 0 20480 6825 4095 13650 5850 4550 4096 10240 8190 77976
50 0 20480 8190 3276 13650 5850 3640 6144 8192 8190 77612
51 0 16384 8190 4914 10920 4680 6370 4096 12288 9828 77670
52 0 20480 9555 4914 13650 5850 3640 4096 10240 6552 78977
53 0 16384 9555 4914 8190 4680 5460 4096 12288 9828 75395
54 0 16384 8190 4914 13650 3510 5460 5120 12288 9828 79344
55 0 16384 6825 4095 10920 5850 5460 4096 12288 9828 75746
56 0 20480 8190 4914 13650 4680 4550 5120 10240 8190 80014
57 0 16384 8190 4914 10920 5850 4550 4096 10240 9828 74972
58 0 12288 6825 819 16380 8190 5460 4096 14336 8190 76584
59 0 16384 8190 2457 16380 7020 5460 9216 8192 4914 78213
60 0 24576 6825 4095 8190 5850 4550 7168 10240 6552 78046
61 0 16384 6825 4914 13650 3510 3640 7168 10240 11466 77797
62 0 24576 4095 5733 16380 3510 5460 6144 4096 9828 79822
63 0 20480 9555 4914 8190 7020 2730 6144 12288 4914 76235
64 0 0 16380 10647 32760 14040 0 0 0 0 73827
65 0 0 16380 9828 32760 14040 0 0 0 0 73008
66 0 0 10920 6552 30030 12870 3640 2048 0 6552 72612
67 0 0 0 0 32760 14040 10920 0 0 19656 77376
68 0 0 0 0 32760 12870 10920 0 0 19656 76206
69 0 0 0 0 32760 14040 10920 0 0 19656 77376
70 0 0 0 0 32760 14040 10920 0 0 19656 77376
71 0 0 0 0 32760 14040 10920 0 0 19656 77376
72 0 0 0 0 30030 14040 10920 0 0 19656 74646
73 0 0 0 0 32760 14040 10010 0 0 19656 76466
74 0 0 5460 4095 19110 11700 10010 4096 8192 16380 79043
75 0 0 10920 7371 0 10530 7280 8192 16384 13104 73781
76 0 0 12285 8190 0 10530 6370 7168 18432 13104 76079
77 0 0 12285 9009 0 10530 7280 8192 18432 11466 77194
78 0 0 10920 9009 0 9360 7280 8192 16384 14742 75887
79 0 0 12285 7371 0 10530 8190 9216 16384 13104 77080
80 0 0 10920 7371 0 9360 7280 8192 18432 13104 74659
81 0 0 10920 6552 0 9360 8190 9216 16384 14742 75364
82 0 0 12285 7371 0 10530 7280 8192 16384 13104 75146
83 0 0 10920 8190 0 8190 9100 9216 16384 14742 76742
84 0 0 9555 7371 0 9360 8190 9216 18432 14742 76866
85 0 0 12285 6552 0 10530 8190 9216 16384 14742 77899
86 0 0 10920 7371 0 10530 7280 8192 18432 13104 75829
87 0 0 12285 6552 0 9360 8190 9216 16384 14742 76729
88 0 0 12285 7371 0 10530 7280 8192 18432 13104 77194
89 0 0 10920 6552 0 9360 8190 9216 16384 14742 75364
90 0 0 10920 7371 0 10530 7280 8192 18432 13104 75829
91 0 0 12285 6552 0 9360 8190 9216 16384 14742 76729
92 0 0 10920 7371 0 9360 7280 8192 18432 13104 74659
93 0 0 12285 6552 0 10530 8190 9216 16384 13104 76261
94 0 0 10920 7371 0 9360 7280 8192 18432 14742 76297
95 0 0 12285 6552 0 10530 7280 8192 16384 13104 74327
96 0 0 10920 6552 0 9360 8190 9216 16384 13104 73726
97 0 0 10920 7371 0 9360 7280 8192 18432 14742 76297
98 0 0 12285 6552 0 10530 7280 8192 16384 13104 74327
99 0 0 10920 7371 0 9360 8190 9216 16384 14742 76183
100 0 0 23205 1638 0 21060 15470 2048 6144 3276 72841
101 0 0 28665 0 0 23400 19110 0 0 0 71175
102 0 0 28665 0 0 24570 18200 0 0 0 71435
103 0 0 28665 0 0 24570 19110 0 0 0 72345
104 0 0 28665 0 0 24570 19110 0 0 0 72345
105 0 0 27300 0 0 24570 19110 0 0 0 70980
106 0 0 28665 0 0 24570 19110 0 0 0 72345
107 0 0 28665 0 0 23400 19110 0 0 0 71175
108 0 0 8190 12285 0 8190 5460 15360 0 26208 75693
109 0 0 16380 12285 0 14040 10920 15360 0 3276 72261
110 0 0 19110 11466 0 16380 12740 14336 0 0 74032
111 0 0 8190 22113 0 31590 4550 5120 0 0 71563
112 0 0 0 29484 0 42120 0 0 0 0 71604
113 0 0 0 27846 0 32760 5460 5120 0 0 71186
114 0 0 0 22932 0 0 24570 28672 0 0 76174
115 0 0 0 24570 0 0 25480 26624 0 0 76674
116 0 0 0 26208 0 0 21840 27648 0 0 75696
117 0 0 0 29484 0 0 22750 22528 0 0 74762
118 0 0 0 25389 0 0 22750 27648 0 0 75787
119 0 0 0 25389 0 0 25480 24576 0 0 75445
120 0 0 0 23751 0 0 24570 27648 0 0 75969
121 0 0 0 26208 0 0 27300 21504 0 0 75012
122 0 0 0 23751 0 0 24570 27648 0 0 75969
123 0 0 0 25389 0 0 25480 24576 0 0 75445
124 0 0 0 27027 0 0 22750 26624 0 0 76401
125 0 0 0 24570 0 0 20930 30720 0 0 76220
126 0 0 0 0 0 0 0 84992 0 0 84992
127 0 0 0 17199 0 0 0 62464 0 0 79663
128 0 0 0 67977 0 0 0 0 0 0 67977
129 0 0 0 67977 0 0 0 0 0 0 67977
130 0 0 0 1638 0 0 0 0 0 0 1638
