0 8192 5460 4914 6144 5460 5120 4914 5850 5460 0 51514
1 8192 8190 7371 6144 6825 7168 8190 7020 7280 4096 70476
2 8192 5460 6552 8192 6825 7168 6552 7020 6370 8192 70523
3 8192 8190 7371 6144 6825 6144 6552 5850 7280 8192 70740
4 8192 8190 7371 8192 8190 8192 8190 8190 7280 8192 80179
5 0 8190 8190 6144 8190 7168 8190 7020 8190 4096 65378
6 8192 8190 7371 8192 8190 8192 6552 8190 8190 8192 79451
7 8192 5460 6552 8192 5460 6144 6552 7020 5460 8192 67224
8 8192 5460 6552 6144 6825 7168 6552 7020 7280 8192 69385
9 8192 8190 8190 8192 8190 8192 8190 8190 8190 8192 81908
10 8192 8190 6552 6144 6825 6144 6552 5850 5460 4096 64005
11 8192 5460 7371 8192 6825 8192 8190 7020 8190 8192 75824
12 8192 8190 7371 6144 6825 6144 6552 7020 6370 8192 71000
13 8192 8190 7371 8192 8190 8192 8190 8190 8190 8192 81089
14 0 8190 7371 6144 8190 7168 8190 8190 8190 4096 65729
15 8192 5460 7371 8192 5460 7168 6552 5850 6370 8192 68807
16 8192 8190 6552 6144 8190 7168 6552 7020 7280 8192 73480
17 8192 5460 8190 8192 6825 7168 8190 8190 7280 8192 75879
18 8192 8190 6552 6144 6825 7168 6552 5850 6370 4096 65939
19 8192 8190 7371 8192 6825 7168 6552 8190 7280 8192 76152
20 8192 5460 6552 6144 8190 7168 8190 7020 7280 8192 72388
21 8192 8190 8190 8192 6825 7168 6552 7020 8190 8192 76711
22 0 8190 6552 6144 8190 7168 8190 8190 7280 4096 64000
23 8192 5460 8190 8192 6825 8192 6552 7020 7280 8192 74095
24 8192 8190 6552 8192 6825 7168 6552 7020 6370 8192 73253
25 8192 8190 7371 6144 8190 7168 8190 7020 8190 8192 76847
26 8192 5460 7371 8192 6825 7168 6552 7020 7280 8192 72252
27 8192 8190 7371 6144 6825 7168 8190 8190 6370 4096 70736
28 8192 5460 6552 8192 6825 7168 6552 7020 7280 8192 71433
29 8192 8190 7371 6144 8190 7168 6552 7020 7280 8192 74299
30 8192 8190 8190 8192 6825 7168 8190 7020 8190 8192 78349
31 0 8190 7371 6144 8190 7168 8190 8190 7280 4096 64819
32 8192 8190 7371 8192 8190 8192 8190 8190 7280 8192 80179
33 8192 5460 6552 8192 5460 7168 6552 5850 7280 8192 68898
34 8192 8190 7371 6144 8190 7168 6552 7020 7280 8192 74299
35 8192 5460 7371 8192 6825 7168 6552 8190 7280 8192 73422
36 8192 8190 7371 6144 8190 7168 8190 7020 7280 4096 71841
37 8192 8190 7371 8192 6825 8192 6552 7020 7280 8192 76006
38 8192 5460 6552 6144 5460 5120 6552 5850 6370 8192 63892
39 8192 8190 8190 8192 8190 9216 8190 9360 8190 8192 84102
40 8192 8190 8190 8192 8190 7168 8190 7020 7280 8192 78804
41 0 5460 6552 6144 6825 7168 6552 7020 7280 4096 57097
42 8192 8190 6552 8192 6825 6144 6552 7020 6370 8192 72229
43 8192 8190 7371 6144 8190 8192 8190 7020 8190 8192 77871
44 8192 5460 7371 8192 6825 7168 6552 7020 7280 8192 72252
45 8192 8190 6552 6144 6825 7168 8190 7020 6370 4096 68747
46 8192 5460 7371 8192 6825 7168 6552 7020 7280 8192 72252
47 8192 8190 7371 6144 6825 6144 6552 7020 7280 8192 71910
48 8192 8190 7371 8192 8190 8192 8190 8190 7280 8192 80179
49 0 8190 7371 6144 8190 7168 8190 8190 8190 4096 65729
50 8192 5460 7371 8192 6825 8192 6552 7020 6370 8192 72366
51 8192 8190 7371 8192 6825 7168 6552 7020 7280 8192 74982
52 8192 5460 6552 6144 6825 6144 6552 5850 7280 8192 67191
53 8192 8190 8190 8192 8190 7168 8190 8190 7280 8192 79974
54 8192 8190 7371 6144 6825 8192 8190 7020 7280 4096 71500
55 8192 5460 6552 8192 6825 7168 6552 7020 7280 8192 71433
56 8192 8190 6552 6144 6825 6144 6552 7020 6370 8192 70181
57 8192 8190 8190 8192 8190 7168 8190 8190 8190 8192 80884
58 8192 8190 8190 8192 8190 8192 8190 8190 8190 8192 81908
59 0 5460 6552 6144 6825 8192 6552 7020 6370 4096 57211
60 8192 8190 7371 6144 6825 6144 6552 5850 7280 8192 70740
61 8192 5460 6552 8192 6825 7168 8190 8190 7280 8192 74241
62 8192 8190 7371 6144 6825 7168 6552 7020 7280 4096 68838
63 8192 8190 8190 8192 8190 8192 8190 7020 7280 8192 79828
64 8192 5460 5733 6144 5460 6144 4914 7020 6370 8192 63629
65 8192 8190 8190 8192 8190 7168 8190 7020 7280 8192 78804
66 8192 8190 7371 8192 8190 7168 8190 8190 8190 8192 80065
67 0 5460 6552 6144 6825 8192 6552 7020 7280 4096 58121
68 8192 8190 7371 8192 6825 7168 8190 7020 7280 8192 76620
69 8192 2730 2457 2048 2730 2048 1638 2340 1820 12288 38291
