# SourceWorker IOException: java.net.SocketException: Socket closed
# SourceWorker IOException: java.net.SocketException: Socket closed
# SourceWorker IOException: java.net.SocketException: Socket closed
# SourceWorker IOException: java.net.SocketException: Socket closed
# SourceWorker IOException: java.net.SocketException: Socket closed
0 16384 15561 16653 16528 7508 72634
1 24576 19929 19383 18576 19112 101576
2 16384 19838 19656 19746 21160 96784
3 20480 19929 19383 20916 19112 99820
4 24576 20748 21021 20770 21842 108957
5 16384 19838 21021 19746 19112 96101
6 20480 20748 19656 20916 21160 102960
7 24576 19929 21021 19746 21842 107114
8 16384 20748 21021 20770 19112 98035
9 20480 18109 16380 17552 19112 91633
10 16384 21658 22659 21940 19112 101753
11 20480 19838 19383 19746 21160 100607
12 24576 19019 18018 18722 19112 99447
13 16384 20748 22659 20770 21842 102403
14 20480 19929 19383 20916 19112 99820
15 24576 19019 19656 18576 19112 100939
16 16384 21567 21021 20916 21160 101048
17 20480 19929 19383 19746 19112 98650
18 24576 20748 19656 20770 21842 107592
19 16384 20748 21021 20916 19112 98181
20 20480 19019 19383 19746 19112 97740
21 16384 20748 21021 20770 23890 102813
22 20480 19838 19656 19746 19112 98832
23 24576 19929 19383 18722 19112 101722
24 16384 20748 21021 21940 21160 101253
25 20480 19019 19656 19746 19112 98013
26 24576 19838 19383 18576 19112 101485
27 16384 20748 21021 20916 21842 100911
28 20480 19929 19656 19746 19112 98923
29 24576 19838 21021 20770 19112 105317
30 16384 20748 19383 19746 21160 97421
31 20480 19929 19656 19746 19112 98923
32 16384 19838 21021 20916 21842 100001
33 20480 20748 21021 20770 19112 102131
34 24576 19019 19383 18722 19112 100812
35 16384 21658 21021 20770 21160 100993
36 20480 19838 19656 20916 21842 102732
37 24576 19019 19383 18576 19112 100666
38 16384 20748 19656 20916 19112 96816
39 20480 19929 21021 19746 21160 102336
40 24576 20748 19383 20770 19112 104589
41 16384 21567 22659 20916 21842 103368
42 20480 19019 19383 19746 19112 97740
43 24576 19929 19656 20770 21160 106091
44 16384 20748 21021 19746 21842 99741
45 20480 19019 19383 19746 16382 95010
46 24576 21567 21021 20916 21842 109922
47 16384 20748 19656 20770 21160 98718
48 20480 18200 19383 18722 19112 95897
49 16384 22477 22659 21940 21842 105302
50 20480 19019 19383 19746 19112 97740
51 24576 19838 19656 19746 19112 102928
52 16384 21658 21021 20770 21160 100993
53 20480 19019 19383 19746 21842 100470
54 24576 19019 19656 18722 16382 98355
55 16384 22477 21021 21940 21842 103664
56 20480 19838 21021 20770 21160 103269
57 24576 19929 18018 18722 19112 100357
58 16384 19838 21021 20770 21842 99855
59 20480 19019 18018 18722 19112 95351
60 16384 21658 22386 20770 19112 100310
61 20480 19019 19656 20916 21160 101231
62 24576 20748 19383 19746 19112 103565
63 16384 20748 22659 20770 21842 102403
64 20480 20748 19383 19746 19112 99469
65 24576 18109 18018 19746 19112 99561
66 16384 21658 21021 20916 21160 101139
67 20480 19838 21021 19746 19112 100197
68 24576 19929 19656 19746 21842 105749
69 16384 19838 21021 20770 19112 97125
70 20480 21658 21021 20916 23890 107965
71 24576 20748 19383 20770 19112 104589
72 12288 19019 19656 18722 19112 88797
73 24576 19019 19383 19746 19112 101836
74 16384 20748 21021 20770 21160 100083
75 20480 20748 19656 20916 19112 100912
76 24576 19019 19383 17552 19112 99642
77 16384 20748 21021 21940 21842 101935
78 20480 20748 21021 19746 19112 101107
79 24576 19019 19656 19746 21160 104157
80 16384 20748 21021 20770 19112 98035
81 20480 19838 19383 19746 21842 101289
82 24576 19929 19656 20916 19112 104189
83 16384 20748 21021 19746 19112 97011
84 20480 20748 21021 20770 21160 104179
85 24576 19838 19383 20916 21842 106555
86 16384 20748 19656 19746 19112 95646
87 20480 19929 21021 19746 21160 102336
88 16384 20748 19383 20770 19112 96397
89 20480 20748 21021 20916 21842 105007
90 24576 18109 18018 17552 19112 97367
91 16384 20748 21021 20770 19112 98035
92 20480 21658 21021 21940 21160 106259
93 24576 19019 21021 19746 19112 103474
94 16384 19838 19656 19746 21842 97466
95 20480 20748 21021 20916 19112 102277
96 24576 19929 18018 19746 19112 101381
97 16384 19019 21021 19746 21160 97330
98 20480 21567 21021 19746 21842 104656
99 24576 20748 21021 21940 19112 107397
100 16384 19929 18018 18576 19112 92019
101 20480 19019 21021 19746 21160 101426
102 16384 21567 21021 21940 21842 102754
103 20480 19929 19383 19746 19112 98650
104 24576 18109 18018 18722 19112 98537
105 16384 21658 21021 20770 19112 98945
106 20480 19019 19656 19746 21160 100061
107 24576 19838 19383 19746 19112 102655
108 16384 20748 21021 20916 21842 100911
109 20480 19929 21021 19746 19112 100288
110 24576 20748 19656 19746 19112 103838
111 16384 20748 21021 20770 21160 100083
112 20480 19019 19383 19746 19112 97740
113 16384 20748 21021 20916 21842 100911
114 20480 20748 19656 19746 19112 99742
115 24576 18109 19383 19746 19112 100926
116 16384 20748 21021 19746 21160 99059
117 20480 20748 19656 20770 19112 100766
118 24576 19019 19383 18722 19112 100812
119 16384 20748 19656 20770 21842 99400
120 20480 19929 21021 20916 19112 101458
121 24576 20748 21021 19746 21160 107251
122 16384 20748 19383 20770 21842 99127
123 20480 18109 19656 18722 16382 93349
124 16384 20748 21021 20770 21842 100765
125 20480 20748 19383 19746 21160 101517
126 24576 18200 19656 19746 19112 101290
127 16384 21567 21021 20916 21842 101730
128 20480 20748 19383 19746 19112 99469
129 24576 19019 19656 19746 19112 102109
130 16384 19929 21021 20770 21160 99264
131 20480 20748 21021 20916 19112 102277
132 24576 19838 19383 19746 21842 105385
133 16384 20748 21021 19746 19112 97011
134 20480 19929 18018 19746 19112 97285
135 16384 20748 22659 20770 21160 101721
136 20480 19838 19383 19746 19112 98559
137 24576 19019 18018 19746 19112 100471
138 16384 21658 22659 20916 21842 103459
139 20480 19019 19383 19746 21160 99788
140 24576 19019 18018 19746 19112 100471
141 16384 21567 22659 20770 19112 100492
142 20480 19019 18018 19746 21842 99105
143 24576 21658 21021 19746 19112 106113
144 12288 19019 21021 20916 21160 94404
145 24576 19838 19383 18576 19112 101485
146 16384 20748 19656 21940 21842 100570
147 20480 19929 21021 19746 19112 100288
148 24576 19019 18018 18722 19112 99447
149 16384 20748 21021 19746 19112 97011
150 20480 19838 19383 20770 21160 101631
151 24576 19929 21021 19746 19112 104384
152 12288 20748 19656 20916 21842 95450
153 24576 19019 19383 18576 19112 100666
154 16384 21567 21021 20916 21160 101048
155 20480 19929 19656 20770 19112 99947
156 24576 19019 19383 18722 19112 100812
157 16384 21567 21021 21940 21842 102754
158 20480 19019 21021 19746 19112 99378
159 24576 19019 18018 18576 19112 99301
160 16384 21658 22659 20916 21160 102777
161 20480 19838 19383 20770 19112 99583
162 24576 19929 19656 18722 21842 104725
163 16384 20748 19383 20770 19112 96397
164 20480 19019 21021 19746 19112 99378
165 16384 21567 19656 20916 21160 99683
166 20480 19019 21021 19746 21842 102108
167 24576 19929 18018 19746 19112 101381
168 16384 20748 22386 20770 19112 99400
169 20480 20748 19656 19746 21160 101790
170 24576 18109 19383 19746 19112 100926
171 16384 20748 19656 20916 21842 99546
172 20480 19929 21021 19746 19112 100288
173 24576 20748 19383 19746 19112 103565
174 16384 20748 21021 20770 21160 100083
175 20480 19838 19656 19746 19112 98832
176 16384 19929 21021 20916 21842 100092
177 20480 20748 21021 19746 19112 101107
178 24576 19019 18018 18576 19112 99301
179 16384 21567 21021 21940 21160 102072
180 20480 19019 19383 19746 21842 100470
181 24576 19929 19656 19746 19112 103019
182 16384 21567 21021 20916 19112 99000
183 20480 19929 21021 19746 21160 102336
184 24576 19019 19383 19746 19112 101836
185 16384 19838 19656 20770 21842 98490
186 20480 20748 21021 19746 19112 101107
187 24576 20748 19383 20916 21160 106783
188 16384 19929 21021 19746 19112 96192
189 20480 19838 19656 19746 19112 98832
190 16384 20748 21021 21940 21842 101935
191 20480 20748 21021 19746 19112 101107
192 24576 19019 18018 19746 21160 102519
193 16384 20748 21021 20770 21842 100765
194 20480 19929 19383 18722 19112 97626
195 24576 19838 19656 19746 19112 102928
196 16384 20748 21021 21940 21160 101253
197 20480 19929 19383 18576 19112 97480
198 24576 19019 21021 19746 19112 103474
199 16384 20748 19656 20916 21842 99546
200 20480 19838 19383 19746 19112 98559
201 16384 21658 22659 20770 21160 102631
202 24576 19838 19383 20916 19112 103825
203 20480 19929 19656 19746 19112 98923
204 16384 19838 21021 19746 21842 98831
205 20480 20748 19383 20770 19112 100493
206 24576 18200 19656 18722 19112 100266
207 16384 21567 21021 20770 21160 100902
208 20480 19929 19383 19746 21842 101380
209 24576 19838 19656 19746 19112 102928
210 16384 20748 21021 20916 19112 98181
211 20480 19019 19383 19746 21160 99788
212 24576 21658 21021 20770 19112 107137
213 16384 19838 19656 20916 21842 98636
214 20480 19019 19383 18576 19112 96570
215 16384 21658 21021 20916 21160 101139
216 20480 19838 21021 19746 19112 100197
217 24576 20748 19656 20770 21842 107592
218 16384 19929 21021 20916 19112 97362
219 20480 19019 19383 19746 19112 97740
220 24576 21567 21021 20770 23890 111824
221 16384 19019 19656 19746 16382 91187
222 20480 19929 19383 19746 21842 101380
223 24576 22477 22659 21940 21160 112812
224 16384 18109 18018 18722 19112 90345
225 20480 20748 21021 19746 19112 101107
226 24576 20748 21021 20770 21842 108957
227 16384 20748 19383 20916 21160 98591
228 20480 19929 21021 20770 19112 101312
229 24576 20748 21021 19746 21842 107933
230 12288 19019 18018 19746 19112 88183
231 24576 20748 21021 19746 19112 105203
232 16384 20748 21021 20916 21160 100229
233 20480 19838 19656 19746 19112 98832
234 24576 19019 18018 19746 19112 100471
235 16384 20748 21021 20770 21842 100765
236 20480 20748 21021 19746 19112 101107
237 24576 19019 19383 19746 19112 101836
238 16384 21658 21021 21940 23890 104893
239 20480 19838 19656 18722 19112 97808
240 24576 19929 21021 20770 19112 105408
241 16384 20748 21021 20916 21160 100229
242 20480 19838 19383 19746 19112 98559
243 24576 21658 21021 20770 21842 109867
244 16384 19019 19656 19746 19112 93917
245 20480 19838 19383 19746 21160 100607
246 24576 20748 21021 20916 21842 109103
247 12288 20748 21021 20770 19112 93939
248 24576 19019 19656 18722 19112 101085
249 16384 20748 21021 20770 21160 100083
250 20480 19929 19383 20916 19112 99820
251 24576 19838 19656 19746 19112 102928
252 16384 21658 21021 20770 21842 101675
253 20480 21567 21021 20916 21160 105144
254 24576 18200 18018 18576 19112 98482
255 16384 20748 21021 20916 21842 100911
256 20480 20748 21021 20770 19112 102131
257 24576 18109 18018 18722 19112 98537
258 16384 21658 21021 20770 21160 100993
259 20480 19838 21021 20916 19112 101367
260 24576 19929 21021 19746 21842 107114
261 16384 21567 21021 21940 21160 102072
262 20480 19929 19383 19746 19112 98650
263 24576 20748 21021 20770 21842 108957
264 12288 19019 19656 18722 19112 88797
265 24576 20748 19383 19746 19112 103565
266 24576 20748 21021 21940 21160 109445
267 12288 20748 19656 19746 21842 94280
268 24576 18109 19383 18576 19112 99756
269 16384 20748 19656 20916 19112 96816
270 20480 20748 21021 20770 19112 102131
271 24576 19019 21021 19746 21160 105522
272 16384 21658 21021 20916 21842 101821
273 20480 20748 19383 19746 19112 99469
274 24576 19019 19656 20770 19112 103133
275 16384 21567 21021 20916 21160 101048
276 20480 19019 19383 18576 21842 99300
277 24576 20748 21021 20916 19112 106373
278 16384 20748 21021 20770 19112 98035
279 20480 18200 18018 18722 19112 94532
280 24576 21567 22659 21940 23890 114632
281 12288 19929 18018 18576 19112 87923
282 24576 19838 21021 19746 19112 104293
283 16384 20748 21021 20916 21160 100229
284 20480 20748 21021 21940 19112 103301
285 24576 19929 19383 19746 21842 105476
286 16384 19838 19656 19746 19112 94736
287 20480 19929 19383 19746 19112 98650
288 24576 19838 19656 19746 21160 104976
289 16384 20748 21021 20770 21842 100765
290 20480 20748 21021 20916 19112 102277
291 24576 19929 19383 18576 19112 101576
292 16384 19838 21021 20916 21160 99319
293 20480 20748 19656 19746 19112 99742
294 16384 19929 19383 20770 21842 98308
295 20480 20748 21021 20916 19112 102277
296 24576 19019 19656 19746 19112 102109
297 24576 21567 22386 20770 23890 113189
298 12288 19929 19656 19746 19112 90731
299 24576 19019 18018 18722 19112 99447
300 16384 21567 21021 21940 19112 100024
301 20480 19929 21021 19746 21160 102336
302 24576 19838 19383 20770 21842 106409
303 16384 19929 19656 18722 19112 93803
304 20480 20748 22386 21940 19112 104666
305 24576 19838 18018 18576 19112 100120
306 16384 20748 21021 21940 23890 103983
307 20480 19929 21021 19746 19112 100288
308 24576 19838 19656 19746 19112 102928
309 12288 20748 21021 20916 21160 96133
310 24576 19019 18018 18576 19112 99301
311 16384 21658 22386 20916 21842 103186
312 20480 20748 19656 21940 19112 101936
313 24576 18109 19383 17552 19112 98732
314 16384 22477 22659 21940 21160 104620
315 20480 19019 18018 19746 19112 96375
316 24576 19929 19383 19746 21842 105476
317 16384 21567 22659 20770 19112 100492
318 20480 19019 19383 19746 21160 99788
319 24576 19019 18018 19746 19112 100471
320 16384 21658 21021 20916 21842 101821
321 20480 19838 21021 19746 19112 100197
322 24576 19929 19656 20770 19112 104043
323 16384 21567 22386 20916 21160 102413
324 20480 19019 18018 18576 19112 95205
325 24576 21658 21021 21940 21842 111037
326 12288 19838 21021 19746 21160 94053
327 24576 19019 18018 19746 19112 100471
328 16384 21658 22659 20916 21842 103459
329 20480 19838 19383 20770 19112 99583
330 24576 19019 19656 18722 19112 101085
331 16384 20748 19383 20770 21160 98445
332 20480 21658 22659 20916 21842 107555
333 24576 19838 19383 19746 19112 102655
334 16384 19929 21021 20770 19112 97216
335 20480 20748 19656 19746 21160 101790
336 24576 19019 19383 19746 19112 101836
337 16384 21567 22659 21940 21842 104392
338 20480 19929 18018 19746 19112 97285
339 24576 19838 21021 18722 19112 103269
340 16384 21658 21021 21940 23890 104893
341 20480 19019 19383 18576 19112 96570
342 24576 20748 21021 21940 21160 109445
343 16384 20748 21021 20916 19112 98181
344 20480 18109 18018 18576 19112 94295
345 24576 21658 21021 20916 21842 110013
346 12288 19838 19656 19746 19112 90640
347 24576 18200 19383 18576 19112 99847
348 16384 21567 21021 20916 21160 101048
349 20480 19929 19656 19746 19112 98923
350 24576 19838 19383 19746 19112 102655
351 16384 20748 21021 20770 21842 100765
352 20480 20748 21021 21940 21160 105349
353 24576 19019 19656 18722 19112 101085
354 16384 21658 21021 21940 21842 102845
355 20480 19019 18018 18576 19112 95205
356 24576 21567 22386 20916 19112 108557
357 16384 20748 21021 20770 21160 100083
358 20480 19019 18018 19746 19112 96375
359 16384 20748 21021 20916 21842 100911
360 20480 19929 21021 19746 21160 102336
361 24576 19019 18018 19746 17064 98423
362 16384 21567 22659 20770 21160 102540
363 20480 19929 18018 18722 21842 98991
364 24576 20748 21021 20770 19112 106227
365 16384 20748 22386 21940 21160 102618
366 20480 20748 19656 19746 21842 102472
367 24576 18109 19383 19746 19112 100926
368 16384 19929 19656 19746 19112 94827
369 20480 21567 21021 20916 19112 103096
370 24576 19929 21021 19746 21160 106432
371 16384 19838 18018 19746 21842 95828
372 20480 19929 21021 19746 19112 100288
373 24576 21567 21021 21940 21160 110264
374 12288 19019 19383 19746 19112 89548
375 24576 19929 19656 19746 19112 103019
376 16384 21567 21021 20770 21842 101584
377 20480 19929 19383 19746 19112 98650
378 24576 19019 19656 18722 19112 101085
379 16384 21567 22386 22964 23890 107191
380 20480 19019 19656 18722 19112 96989
381 24576 19019 18018 19746 19112 100471
382 16384 22477 22386 20770 21160 103177
383 20480 20748 21021 21940 21842 106031
384 24576 19019 19656 18722 19112 101085
385 16384 20748 19383 19746 19112 95373
386 20480 19019 19656 19746 19112 98013
387 24576 21658 22386 21940 21160 111720
388 12288 19838 18018 19746 19112 89002
389 24576 19019 21021 19746 21842 106204
390 16384 21658 19656 20770 19112 97580
391 20480 19019 21021 19746 19112 99378
392 24576 20748 19383 19746 21160 105613
393 16384 19838 19656 20916 21842 98636
394 20480 19929 21021 18576 19112 99118
395 24576 20748 19383 20916 19112 104735
396 16384 20748 22659 21940 21160 102891
397 20480 20748 19383 20770 21842 103223
398 24576 19019 19656 18722 19112 101085
399 16384 20748 21021 20770 21160 100083
400 20480 19838 19383 19746 19112 98559
401 24576 20748 19656 19746 19112 103838
402 16384 19929 21021 19746 21842 98922
403 20480 19019 19383 19746 19112 97740
404 16384 21567 21021 20916 21160 101048
405 20480 20748 21021 20770 19112 102131
406 24576 19019 18018 19746 19112 100471
407 16384 21658 22659 20916 21842 103459
408 20480 19838 19383 20770 21160 101631
409 24576 19019 19656 18722 19112 101085
410 16384 20748 21021 20770 21842 100765
411 20480 19929 19383 20916 19112 99820
412 24576 19019 18018 17552 19112 98277
413 16384 21567 22659 21940 19112 101662
414 20480 20748 19383 20770 21160 102541
415 24576 19019 19656 18722 21842 103815
416 16384 20748 21021 21940 19112 99205
417 20480 20748 21021 19746 21160 103155
418 24576 19929 21021 20770 19112 105408
419 12288 20748 19383 19746 21842 94007
420 24576 19838 19656 19746 19112 102928
421 16384 19929 21021 20916 21160 99410
422 20480 20748 19383 20770 19112 100493
423 24576 19019 19656 18722 19112 101085
424 16384 21567 21021 20770 21842 101584
425 20480 19929 21021 20916 19112 101458
426 24576 19019 18018 18576 19112 99301
427 16384 21567 22386 20916 21160 102413
428 20480 19929 19656 19746 21842 101653
429 24576 19019 19383 19746 19112 101836
430 16384 21567 21021 20770 21160 100902
431 20480 20748 21021 21940 19112 103301
432 24576 19019 19656 18722 19112 101085
433 16384 20748 21021 20770 21842 100765
434 20480 19929 19383 19746 19112 98650
435 24576 20748 21021 20916 21160 108421
436 12288 20748 19656 19746 21842 94280
437 24576 18109 18018 19746 16382 96831
438 16384 21658 21021 20770 21842 101675
439 20480 19838 21021 19746 21160 102245
440 24576 19019 19383 19746 19112 101836
441 16384 21658 21021 20916 21842 101821
442 20480 19838 19656 19746 19112 98832
443 24576 19929 19383 19746 19112 102746
444 16384 21567 22659 21940 23890 106440
445 20480 19019 18018 19746 16382 93645
446 24576 20748 21021 19746 21842 107933
447 16384 19929 21021 19746 19112 96192
448 20480 19019 18018 19746 21160 98423
449 24576 21567 22386 21940 21842 112311
450 12288 19019 19656 18576 19112 88651
451 24576 19929 19383 19746 19112 102746
452 16384 20748 21021 20916 21160 100229
453 20480 20748 19656 20770 19112 100766
454 24576 19019 19383 19746 19112 101836
455 16384 20748 19656 19746 21842 98376
456 20480 20748 21021 20916 19112 102277
457 24576 19019 19383 19746 19112 101836
458 16384 21567 22659 20770 23890 105270
459 20480 19019 18018 19746 19112 96375
460 16384 20748 21021 19746 19112 97011
461 24576 20748 21021 20916 21160 108421
462 20480 19019 18018 18576 17064 93157
463 16384 21658 22386 21940 23890 106258
464 20480 19838 19656 20916 19112 100002
465 24576 19019 19383 17552 19112 99642
466 16384 20748 19656 21940 21160 99888
467 20480 19019 21021 19746 19112 99378
468 24576 19929 19383 19746 19112 102746
469 16384 22477 22659 21940 21842 105302
470 20480 19838 19383 19746 21160 100607
471 24576 19019 19656 19746 19112 102109
472 16384 21658 21021 20770 21842 101675
473 20480 19019 19383 18722 19112 96716
474 24576 20748 21021 21940 21160 109445
475 16384 19838 19656 19746 19112 94736
476 20480 19929 19383 18576 19112 97480
477 16384 21567 21021 21940 21842 102754
478 24576 19929 21021 20916 19112 105554
479 20480 19019 18018 17552 19112 94181
480 16384 21567 22659 21940 21160 103710
481 20480 19929 18018 19746 21842 100015
482 24576 19019 19383 18576 19112 100666
483 16384 20748 22659 21940 19112 100843
484 20480 19838 18018 19746 21160 99242
485 24576 19929 19383 19746 19112 102746
486 16384 20748 21021 19746 21842 99741
487 20480 19838 21021 20916 19112 101367
488 24576 20748 21021 20770 21160 108275
489 16384 20748 19656 20916 19112 96816
490 20480 19019 19383 18576 21842 99300
491 24576 21658 21021 20916 19112 107283
492 16384 20748 21021 20770 21160 100083
493 20480 18109 18018 18722 19112 94441
494 16384 22477 22659 21940 21842 105302
495 20480 19019 19383 19746 19112 97740
496 24576 18200 18018 18576 19112 98482
497 16384 21567 22659 21940 21160 103710
498 20480 20748 21021 20916 21842 105007
499 24576 19019 18018 18576 19112 99301
500 16384 20748 21021 20916 19112 98181
501 20480 20748 19383 19746 21160 101517
502 24576 19929 21021 20770 19112 105408
503 12288 19838 19656 19746 21842 93370
504 24576 19929 19383 18722 19112 101722
505 16384 20748 21021 21940 21160 101253
506 20480 20748 21021 19746 19112 101107
507 24576 18109 18018 19746 19112 99561
508 16384 20748 21021 19746 21842 99741
509 20480 21658 21021 20770 19112 103041
510 24576 19019 19656 19746 19112 102109
511 16384 20748 21021 20916 21160 100229
512 20480 20748 19383 19746 21842 102199
513 24576 19019 19656 19746 19112 102109
514 16384 21567 21021 21940 21160 102072
515 20480 19019 19383 19746 19112 97740
516 24576 20748 21021 20770 21842 108957
517 16384 19929 21021 19746 19112 96192
518 20480 19838 19656 19746 19112 98832
519 24576 21658 21021 21940 21160 110355
520 12288 19838 19383 18722 21842 92073
521 24576 19019 19656 19746 19112 102109
522 16384 21658 21021 21940 19112 100115
523 20480 19838 21021 19746 21160 102245
524 24576 19019 18018 18576 19112 99301
525 16384 20748 21021 20916 21842 100911
526 20480 19929 21021 19746 19112 100288
527 24576 19019 18018 19746 19112 100471
528 16384 22477 22386 20770 21160 103177
529 20480 19838 19656 20916 19112 100002
530 24576 19929 21021 19746 21842 107114
531 16384 19838 19383 19746 19112 94463
532 20480 20748 19656 20770 21160 102814
533 24576 21658 22386 21940 21842 112402
534 12288 19019 19656 18722 19112 88797
535 24576 19019 18018 18576 19112 99301
536 24576 22477 22386 23110 21160 113709
537 12288 19019 19656 18576 19112 88651
538 24576 19019 19383 19746 19112 101836
539 16384 20748 19656 20916 21842 99546
540 20480 20748 21021 19746 19112 101107
541 24576 19019 19383 18576 19112 100666
542 16384 21567 21021 23110 23890 105972
543 20480 19929 19656 19746 19112 98923
544 24576 20748 21021 19746 19112 105203
545 16384 19838 21021 20770 21160 99173
546 20480 19929 19383 19746 19112 98650
547 24576 20748 21021 20916 21842 109103
548 12288 19838 19656 19746 19112 90640
549 24576 19019 19383 18576 19112 100666
550 16384 21658 21021 21940 21160 102163
551 20480 20748 19656 20916 21842 103642
552 24576 19019 21021 18576 19112 102304
553 16384 19838 19383 20916 19112 95633
554 20480 21658 21021 19746 21160 104065
555 24576 19019 19656 20770 19112 103133
556 16384 20748 19383 19746 21842 98103
557 20480 19019 19656 18722 19112 96989
558 24576 20748 21021 20770 19112 106227
559 16384 20748 21021 20916 21160 100229
560 20480 19838 19383 19746 21842 101289
561 24576 19929 21021 20770 19112 105408
562 16384 20748 19656 20916 19112 96816
563 20480 19838 19383 18576 21160 99437
564 16384 20748 21021 21940 21842 101935
565 20480 19929 19656 19746 19112 98923
566 24576 19838 21021 18722 19112 103269
567 16384 21658 21021 21940 21160 102163
568 20480 19838 21021 20770 21842 103951
569 24576 18200 18018 18722 16382 95898
570 16384 21567 21021 20770 21842 101584
571 20480 20748 19383 19746 21160 101517
572 24576 19019 19656 19746 19112 102109
573 16384 21658 21021 21940 21842 102845
574 20480 19838 21021 19746 19112 100197
575 24576 19929 19383 19746 21160 104794
576 16384 19838 21021 19746 19112 96101
577 20480 19929 19656 20916 19112 100093
578 24576 20748 21021 20770 21842 108957
579 16384 20748 21021 19746 21160 99059
580 20480 19019 18018 19746 19112 96375
581 24576 21567 21021 20916 21842 109922
582 12288 19929 21021 19746 19112 92096
583 24576 19019 18018 19746 19112 100471
584 16384 21567 21021 20770 21160 100902
585 20480 19929 21021 20916 19112 101458
586 24576 19019 19383 18576 19112 100666
587 16384 22477 22659 23110 23890 108520
588 20480 19019 18018 18576 17064 93157
589 24576 20748 21021 20916 21160 108421
590 16384 19019 19383 18576 19112 92474
591 20480 20748 19656 19746 21842 102472
592 24576 21567 22386 23110 21160 112799
593 16384 19929 19656 18576 19112 93657
594 20480 19838 19383 20916 21842 102459
595 16384 19929 21021 19746 19112 96192
596 24576 20748 19656 20770 19112 104862
597 20480 18109 19383 18722 19112 95806
598 16384 21658 21021 20770 21160 100993
599 20480 19838 19656 19746 21842 101562
600 24576 19929 19383 19746 19112 102746
601 16384 21567 22659 20916 21160 102686
602 20480 19019 19383 20770 19112 98764
603 24576 19929 19656 19746 19112 103019
604 16384 21567 21021 20916 21842 101730
605 20480 19019 18018 18576 19112 95205
606 24576 21658 22386 21940 21160 111720
607 16384 19019 19656 19746 19112 93917
608 20480 19838 19383 18722 19112 97535
609 24576 21658 22659 21940 21842 112675
610 16384 19838 19383 19746 21160 96511
611 20480 19019 19656 19746 19112 98013
612 16384 20748 19383 20770 21842 99127
613 20480 19929 21021 19746 19112 100288
614 24576 19838 18018 18722 19112 100266
615 16384 21658 22659 21940 21160 103801
616 20480 19019 18018 19746 19112 96375
617 24576 19019 21021 18576 19112 102304
618 16384 22477 21021 23110 21842 104834
619 20480 19838 21021 19746 21160 102245
620 24576 19929 18018 19746 19112 101381
621 16384 20748 21021 20770 21842 100765
622 20480 19019 21021 18722 19112 98354
623 24576 21567 21021 21940 21160 110264
624 16384 20748 19383 19746 19112 95373
625 20480 18200 19656 18576 19112 96024
626 16384 20748 21021 20916 21842 100911
627 20480 19838 19383 20770 19112 99583
628 24576 20748 19656 19746 21160 105886
629 16384 20748 21021 20916 21842 100911
630 20480 19929 21021 20770 19112 101312
631 24576 19838 18018 18722 19112 100266
632 16384 20748 22386 20770 21160 101448
633 20480 19019 18018 19746 19112 96375
634 24576 19929 19656 19746 19112 103019
635 16384 20748 22386 20916 21842 102276
636 20480 21567 21021 20770 21160 104998
637 24576 19929 19656 20916 19112 104189
638 16384 20748 21021 20770 21842 100765
639 20480 18109 18018 18722 19112 94441
640 24576 21658 21021 20770 21160 109185
641 12288 20748 21021 20916 19112 94085
642 24576 18109 18018 17552 19112 97367
643 16384 21658 21021 21940 21842 102845
644 20480 19838 21021 19746 19112 100197
645 24576 19019 18018 18576 19112 99301
646 16384 20748 22386 21940 21160 102618
647 20480 19929 18018 18722 19112 96261
648 24576 19838 21021 20770 21842 108047
649 16384 20748 19656 20916 19112 96816
650 20480 19929 21021 19746 19112 100288
651 16384 20748 21021 19746 21160 99059
652 20480 19838 19383 20770 21842 102313
653 24576 19019 19656 18722 19112 101085
654 16384 21658 21021 20770 19112 98945
655 20480 19838 19383 20916 19112 99729
656 24576 19019 19656 18576 21160 102987
657 16384 20748 21021 20916 19112 98181
658 20480 19929 19383 19746 21842 101380
659 24576 19838 19656 19746 19112 102928
660 16384 20748 21021 21940 21160 101253
661 20480 19929 21021 19746 19112 100288
662 24576 20748 19383 20770 21842 107319
663 16384 21567 22659 20916 21160 102686
664 20480 18200 18018 17552 17064 91314
665 16384 20748 19383 21940 21160 99615
666 24576 21567 22659 20770 21842 111414
667 20480 17290 16380 17552 19112 90814
668 16384 21658 22659 21940 19112 101753
669 20480 20748 19383 20916 21160 102687
670 24576 19019 19656 18576 19112 100939
671 16384 21567 21021 21940 21842 102754
672 20480 19929 21021 19746 21160 102336
673 24576 19019 19383 18722 17064 98764
674 16384 21567 21021 21940 21160 102072
675 20480 19929 19656 18576 21842 100483
676 24576 20748 21021 21940 19112 107397
677 16384 20748 19383 19746 21160 97421
678 20480 19019 21021 19746 19112 99378
679 24576 21567 21021 20916 21842 109922
680 16384 19929 19656 19746 19112 94827
681 20480 19838 19383 20770 21160 101631
682 16384 19929 21021 20916 19112 97362
683 20480 20748 21021 19746 21842 103837
684 24576 18109 18018 18576 19112 98391
685 16384 21658 21021 20916 19112 99091
686 20480 19838 19656 19746 21160 100880
687 24576 19929 19383 19746 19112 102746
688 16384 19838 21021 20770 21842 99855
689 20480 20748 21021 20916 19112 102277
690 24576 19929 19656 19746 19112 103019
691 16384 21567 21021 20770 23890 103632
692 20480 19929 21021 20916 19112 101458
693 24576 19838 18018 19746 19112 101290
694 16384 19929 21021 19746 19112 96192
695 20480 19838 19383 19746 21160 100607
696 16384 21658 21021 20770 21842 101675
697 20480 19019 19656 19746 19112 98013
698 24576 19019 19383 19746 19112 101836
699 16384 21567 21021 20916 21160 101048
700 20480 20748 21021 19746 19112 101107
701 24576 18200 18018 19746 19112 99652
702 16384 20748 21021 20770 21842 100765
703 20480 20748 21021 19746 19112 101107
704 24576 19838 19656 20916 21160 106146
705 16384 20748 21021 20770 21842 100765
706 20480 20748 21021 19746 19112 101107
707 24576 19929 19383 19746 19112 102746
708 16384 20748 21021 20916 21160 100229
709 20480 19838 19656 19746 21842 101562
710 24576 20748 19383 20770 19112 104589
711 16384 19929 21021 20916 21160 99410
712 20480 19838 19656 18576 19112 97662
713 16384 20748 21021 21940 21842 101935
714 20480 19929 19383 19746 19112 98650
715 24576 19019 19656 18722 19112 101085
716 16384 22477 22386 21940 21160 104347
717 20480 19838 19656 19746 21842 101562
718 24576 18200 18018 19746 16382 96922
719 16384 22477 22386 20770 21842 103859
720 20480 19019 19656 19746 21160 100061
721 24576 19838 19383 19746 17064 100607
722 16384 20748 21021 20916 21160 100229
723 20480 19929 19656 19746 21842 101653
724 24576 21567 22386 21940 21160 111629
725 16384 19929 19656 19746 19112 94827
726 20480 20748 19383 19746 21842 102199
727 16384 19838 21021 20770 19112 97125
728 24576 19929 19656 19746 21160 105067
729 20480 19019 19383 19746 19112 97740
730 16384 21567 21021 20916 21842 101730
731 20480 19929 19656 20770 19112 99947
732 24576 19838 19383 18722 19112 101631
733 16384 20748 22659 20770 21160 101721
734 20480 19929 19383 20916 19112 99820
735 24576 19838 19656 18576 19112 101758
736 16384 21658 21021 21940 23890 104893
737 20480 19019 19383 19746 19112 97740
738 24576 19838 19656 18722 19112 101904
739 16384 21658 21021 21940 21842 102845
740 20480 19019 19383 19746 19112 97740
741 24576 21567 22659 20770 21160 110732
742 12288 21658 21021 21940 21842 98749
743 0 25935 27027 26328 25938 105228
744 0 25935 25389 26328 26620 104272
745 0 25935 25662 25304 23890 100791
746 0 24206 24024 24134 25938 98302
747 0 26754 27027 27352 26620 107753
748 0 25116 24024 25304 23890 98334
749 0 25935 27027 25158 25938 104058
750 0 25025 24024 25304 26620 100973
751 0 25116 25389 24134 23890 98529
752 0 25935 27027 27352 25938 106252
753 0 25025 24024 25304 26620 100973
754 0 26845 27027 25158 25938 104968
755 0 25025 25662 26328 23890 100905
756 0 25116 24024 25304 26620 101064
757 0 24206 25389 24134 23890 97619
758 0 26754 27027 26328 25938 106047
759 0 24206 24024 24134 23890 96254
760 0 26845 25662 26328 26620 105455
761 0 25935 25389 26328 25938 103590
762 0 25935 27027 26328 26620 105910
763 0 24206 24024 24134 23890 96254
764 0 25935 27027 26328 25938 105228
765 0 24206 24024 24134 23890 96254
766 0 26754 25662 26328 28668 107412
767 0 25935 27027 25158 23890 102010
768 0 24206 24024 25304 26620 100154
769 0 25935 25389 26328 23890 101542
770 0 25935 25662 25158 25938 102693
771 0 25935 27027 25304 26620 104886
772 0 24206 24024 25158 23890 97278
773 0 26845 27027 26328 28668 108868
774 0 25025 24024 25304 23890 98243
775 0 25116 25389 25158 23890 99553
776 0 25935 25662 25304 25938 102839
777 0 25025 25389 25158 26620 102192
778 0 25935 25662 26328 25938 103863
779 0 25935 25389 25304 23890 100518
780 0 24206 24024 24134 26620 98984
781 0 25935 25662 26328 23890 101815
782 0 24206 25389 25158 25938 100691
783 0 25935 25662 25304 23890 100791
784 0 25116 25389 24134 26620 101259
785 0 25935 25662 26328 23890 101815
786 0 24206 24024 25158 25938 99326
787 0 25935 25389 25304 26620 103248
788 0 25935 25662 26328 23890 101815
789 0 25025 25389 25158 25938 101510
790 0 25116 25662 24134 26620 101532
791 0 25025 25389 26328 23890 100632
792 0 25935 25662 25304 25938 102839
793 0 25116 25389 25158 23890 99553
794 0 25935 25662 25304 26620 103521
795 0 25025 25389 26328 25938 102680
796 0 25116 25662 24134 23890 98802
797 0 25025 24024 25158 26620 100827
798 0 26845 27027 27498 25938 107308
799 0 24206 24024 24134 23890 96254
800 0 25935 27027 25158 26620 104740
801 0 24206 24024 25304 23890 97424
802 0 25935 25389 24134 25938 101396
803 0 25935 25662 26328 26620 104545
804 0 25025 25389 25158 23890 99462
805 0 25116 25662 26328 25938 103044
806 0 25935 24024 24134 23890 97983
807 0 25025 25389 25304 26620 102338
808 0 25116 25662 25158 25938 101874
809 0 25935 27027 26328 26620 105910
810 0 24206 24024 24134 23890 96254
811 0 25935 25389 26328 25938 103590
812 0 25935 25662 25304 23890 100791
813 0 25025 25389 25158 26620 102192
814 0 25935 25662 26328 25938 103863
815 0 25935 25389 25304 26620 103248
816 0 24206 24024 25158 23890 97278
817 0 25935 27027 26328 25938 105228
818 0 25116 25662 24134 23890 98802
819 0 25025 24024 25304 26620 100973
820 0 25935 25389 25158 23890 100372
821 0 25116 25662 26328 25938 103044
822 0 25025 25389 25304 23890 99608
823 0 25116 25662 24134 26620 101532
824 0 26754 25389 26328 25938 104409
825 0 25116 25662 25158 26620 102556
826 0 25025 25389 26328 23890 100632
827 0 25935 25662 25304 25938 102839
828 0 25935 25389 25158 26620 103102
829 0 25116 25662 25304 23890 99972
830 0 25025 25389 26328 25938 102680
831 0 26845 27027 26328 26620 106820
832 0 23296 22659 22964 23890 92809
833 0 25935 27027 26328 25938 105228
834 0 26845 25389 26328 26620 105182
835 0 23296 24024 23110 23890 94320
836 0 25935 25662 26328 23890 101815
837 0 25935 25389 26328 25938 103590
838 0 24206 25662 24134 26620 100622
839 0 25935 25389 25158 23890 100372
840 0 25116 25662 25304 25938 102020
841 0 27664 25389 27352 21842 102247
842 0 32851 34671 32910 0 100432
843 0 34580 34398 35104 0 104082
844 0 33670 33033 32910 0 99613
845 0 33761 34671 34080 0 102512
846 0 33670 33033 35104 0 101807
847 0 35490 34398 33934 0 103822
848 0 32851 34671 32910 0 100432
849 0 34580 33033 35104 0 102717
850 0 32851 34398 32910 0 100159
851 0 34580 33033 34080 0 101693
852 0 33670 34671 33934 0 102275
853 0 33761 34398 34080 0 102239
854 0 33670 33033 33934 0 100637
855 0 34580 34671 34080 0 103331
856 0 33761 33033 32910 0 99704
857 0 32851 33033 33934 0 99818
858 0 33670 34398 32910 0 100978
859 0 33761 33033 34080 0 100874
860 0 33670 34671 33934 0 102275
861 0 33761 33033 32910 0 99704
862 0 33670 33033 34080 0 100783
863 0 33761 34398 35104 0 103263
864 0 33670 33033 32910 0 99613
865 0 33761 34671 33934 0 102366
866 0 49231 6006 48268 0 103505
867 0 50141 0 50462 0 100603
868 0 51051 0 50462 0 101513
869 0 50141 0 50462 0 100603
870 0 50960 0 51632 0 102592
871 0 51051 0 51486 0 102537
872 0 50960 0 50462 0 101422
873 0 51051 0 50462 0 101513
874 0 79534 0 20916 0 100450
875 0 100191 0 0 0 100191
876 0 89908 0 0 0 89908
