0 8192 13650 18432 21294 12288 73856
1 8192 16380 22528 27846 8192 83138
2 0 21840 24576 32760 12288 91464
3 8192 16380 22528 27846 12288 87234
4 8192 16380 22528 27846 12288 87234
5 8192 16380 24576 29484 12288 90920
6 0 19110 24576 31122 12288 87096
7 8192 19110 22528 29484 12288 91602
8 8192 16380 24576 29484 12288 90920
9 8192 19110 24576 31122 12288 95288
10 0 16380 22528 31122 8192 78222
11 8192 19110 24576 27846 12288 92012
12 8192 16380 22528 29484 12288 88872
13 0 19110 26624 31122 12288 89144
14 8192 19110 22528 31122 12288 93240
15 8192 16380 22528 27846 12288 87234
16 8192 16380 24576 29484 12288 90920
17 0 19110 24576 31122 12288 87096
18 8192 16380 22528 29484 12288 88872
19 8192 19110 24576 27846 12288 92012
20 8192 19110 24576 32760 12288 96926
21 0 16380 24576 31122 12288 84366
22 8192 19110 22528 26208 8192 84230
23 8192 16380 22528 31122 12288 90510
24 8192 21840 26624 32760 16384 105800
25 0 16380 22528 27846 8192 74946
26 8192 16380 22528 29484 12288 88872
27 8192 19110 24576 29484 12288 93650
28 0 16380 24576 31122 12288 84366
29 8192 19110 24576 29484 12288 93650
30 8192 16380 22528 29484 12288 88872
31 8192 19110 22528 29484 12288 91602
32 0 19110 26624 31122 12288 89144
33 8192 16380 22528 29484 12288 88872
34 8192 16380 24576 27846 8192 85186
35 8192 21840 24576 34398 16384 105390
36 0 16380 24576 27846 8192 76994
37 8192 16380 22528 29484 12288 88872
38 8192 19110 22528 29484 12288 91602
39 0 19110 26624 31122 12288 89144
40 8192 16380 24576 29484 12288 90920
41 8192 19110 22528 29484 12288 91602
42 8192 16380 22528 29484 12288 88872
43 0 19110 24576 31122 12288 87096
44 8192 16380 24576 27846 12288 89282
45 8192 19110 22528 31122 8192 89144
46 8192 19110 26624 32760 16384 103070
47 0 19110 24576 31122 12288 87096
48 8192 19110 24576 31122 12288 95288
49 8192 16380 24576 27846 8192 85186
50 8192 19110 24576 32760 16384 101022
51 0 19110 26624 32760 12288 90782
52 8192 19110 24576 29484 12288 93650
53 8192 16380 24576 31122 12288 92558
54 8192 19110 24576 31122 12288 95288
55 0 19110 24576 31122 12288 87096
56 8192 19110 22528 29484 12288 91602
57 8192 16380 22528 29484 8192 84776
58 8192 19110 26624 31122 16384 101432
59 0 19110 24576 31122 12288 87096
60 8192 19110 26624 32760 12288 98974
61 8192 16380 22528 29484 12288 88872
62 8192 19110 24576 31122 12288 95288
63 0 16380 24576 27846 12288 81090
64 8192 19110 22528 31122 12288 93240
65 8192 16380 24576 27846 8192 85186
66 8192 21840 24576 34398 16384 105390
67 0 16380 24576 29484 8192 78632
68 8192 19110 22528 27846 12288 89964
69 8192 16380 24576 29484 12288 90920
70 0 19110 24576 31122 12288 87096
71 8192 16380 22528 29484 12288 88872
72 8192 19110 24576 29484 12288 93650
73 8192 19110 26624 32760 12288 98974
74 0 16380 22528 27846 12288 79042
75 8192 19110 22528 29484 12288 91602
76 8192 16380 22528 29484 12288 88872
77 8192 19110 26624 32760 12288 98974
78 0 16380 22528 29484 12288 80680
79 8192 19110 24576 27846 8192 87916
80 8192 16380 22528 27846 12288 87234
81 0 19110 26624 34398 12288 92420
82 8192 19110 24576 29484 12288 93650
83 8192 16380 20480 27846 12288 85186
84 8192 16380 24576 29484 12288 90920
85 0 21840 24576 32760 12288 91464
86 8192 19110 26624 31122 12288 97336
87 8192 13650 20480 26208 12288 80818
88 8192 19110 24576 31122 12288 95288
89 0 19110 24576 29484 12288 85458
90 8192 16380 22528 29484 8192 84776
91 8192 16380 22528 29484 12288 88872
92 0 19110 26624 32760 12288 90782
93 8192 19110 24576 29484 12288 93650
94 8192 19110 22528 29484 12288 91602
95 8192 16380 22528 27846 12288 87234
96 0 19110 26624 32760 12288 90782
97 8192 16380 22528 29484 12288 88872
98 8192 19110 24576 31122 12288 95288
99 8192 16380 24576 27846 12288 89282
100 0 19110 22528 29484 12288 83410
101 8192 16380 24576 31122 12288 92558
102 8192 19110 22528 27846 8192 85868
103 0 19110 24576 32760 12288 88734
104 8192 16380 24576 29484 16384 95016
105 8192 19110 22528 29484 8192 87506
106 8192 16380 24576 29484 12288 90920
107 0 21840 26624 34398 12288 95150
108 8192 16380 24576 29484 16384 95016
109 8192 19110 22528 29484 8192 87506
110 8192 16380 24576 27846 12288 89282
111 0 19110 24576 32760 12288 88734
112 8192 16380 22528 27846 12288 87234
113 8192 19110 24576 31122 12288 95288
114 8192 16380 22528 27846 12288 87234
115 0 19110 26624 32760 12288 90782
116 8192 19110 24576 29484 12288 93650
117 8192 19110 22528 31122 12288 93240
118 8192 16380 24576 31122 12288 92558
119 0 19110 26624 31122 12288 89144
120 8192 19110 22528 29484 12288 91602
121 8192 19110 24576 31122 12288 95288
122 8192 16380 24576 31122 12288 92558
123 0 19110 24576 29484 12288 85458
124 8192 19110 24576 31122 12288 95288
125 8192 16380 24576 29484 12288 90920
126 8192 19110 24576 31122 12288 95288
127 0 16380 24576 29484 12288 82728
128 8192 19110 22528 31122 12288 93240
129 8192 16380 24576 29484 8192 86824
130 0 21840 24576 32760 12288 91464
131 8192 16380 24576 29484 12288 90920
132 8192 19110 22528 29484 12288 91602
133 8192 19110 26624 31122 12288 97336
134 8192 19110 26624 32760 16384 103070
135 0 16380 22528 27846 8192 74946
136 8192 19110 24576 31122 12288 95288
137 8192 16380 22528 29484 12288 88872
138 0 21840 26624 32760 12288 93512
139 8192 16380 26624 32760 16384 100340
140 8192 19110 22528 29484 8192 87506
141 8192 16380 24576 29484 12288 90920
142 0 19110 24576 32760 12288 88734
143 8192 19110 24576 29484 12288 93650
144 8192 19110 24576 31122 12288 95288
145 8192 19110 24576 29484 12288 93650
146 8192 19110 24576 32760 16384 101022
147 0 16380 22528 29484 8192 76584
148 8192 16380 24576 29484 12288 90920
149 8192 19110 22528 27846 12288 89964
150 0 19110 26624 32760 12288 90782
151 8192 16380 24576 29484 12288 90920
152 8192 19110 24576 32760 12288 96926
153 8192 19110 22528 29484 12288 91602
154 0 19110 24576 29484 12288 85458
155 8192 16380 22528 29484 12288 88872
156 8192 16380 24576 29484 12288 90920
157 8192 19110 26624 31122 12288 97336
158 0 19110 24576 31122 12288 87096
159 8192 16380 22528 29484 12288 88872
160 8192 19110 24576 29484 12288 93650
161 8192 19110 24576 32760 12288 96926
162 0 19110 24576 29484 12288 85458
163 8192 16380 22528 29484 8192 84776
164 8192 16380 24576 29484 12288 90920
165 0 21840 24576 32760 12288 91464
166 8192 16380 22528 27846 12288 87234
167 8192 19110 24576 29484 12288 93650
168 8192 16380 24576 31122 12288 92558
169 0 19110 26624 31122 12288 89144
170 8192 19110 22528 31122 12288 93240
171 8192 16380 24576 29484 12288 90920
172 8192 16380 22528 27846 12288 87234
173 0 21840 26624 32760 12288 93512
174 8192 16380 22528 29484 12288 88872
175 8192 19110 24576 29484 12288 93650
176 8192 19110 24576 31122 12288 95288
177 0 19110 26624 32760 12288 90782
178 8192 19110 24576 31122 12288 95288
179 8192 16380 20480 27846 12288 85186
180 8192 16380 24576 31122 12288 92558
181 0 19110 24576 29484 12288 85458
182 8192 16380 22528 26208 8192 81500
183 8192 19110 24576 31122 12288 95288
184 0 19110 24576 31122 12288 87096
185 8192 16380 22528 29484 12288 88872
186 8192 16380 22528 27846 12288 87234
187 8192 19110 24576 29484 12288 93650
188 0 16380 22528 29484 12288 80680
189 8192 19110 24576 29484 12288 93650
190 8192 16380 24576 31122 12288 92558
191 8192 19110 26624 31122 12288 97336
192 0 19110 22528 29484 12288 83410
193 8192 16380 22528 31122 8192 86414
194 8192 19110 24576 27846 12288 92012
195 8192 19110 26624 32760 16384 103070
196 0 19110 24576 32760 12288 88734
197 8192 16380 22528 29484 8192 84776
198 8192 19110 24576 29484 12288 93650
199 0 19110 24576 32760 12288 88734
200 8192 16380 24576 27846 12288 89282
201 8192 19110 24576 31122 12288 95288
202 8192 16380 22528 29484 12288 88872
203 0 19110 24576 31122 12288 87096
204 8192 19110 24576 29484 12288 93650
205 8192 16380 24576 29484 12288 90920
206 8192 19110 24576 31122 12288 95288
207 0 19110 26624 32760 12288 90782
208 8192 19110 24576 31122 12288 95288
209 8192 19110 22528 31122 12288 93240
210 8192 16380 24576 29484 12288 90920
211 0 21840 26624 32760 12288 93512
212 8192 16380 24576 29484 12288 90920
213 8192 16380 22528 29484 12288 88872
214 8192 19110 24576 29484 12288 93650
215 0 19110 22528 31122 12288 85048
216 8192 16380 24576 31122 12288 92558
217 8192 19110 24576 29484 12288 93650
218 8192 16380 24576 29484 12288 90920
219 0 21840 26624 34398 12288 95150
220 8192 16380 22528 27846 12288 87234
221 8192 16380 22528 27846 12288 87234
222 8192 19110 26624 32760 12288 98974
223 0 19110 24576 32760 12288 88734
224 8192 19110 22528 26208 12288 88326
225 8192 16380 24576 29484 12288 90920
226 8192 19110 24576 32760 12288 96926
227 0 19110 26624 32760 12288 90782
228 8192 16380 22528 27846 12288 87234
229 8192 19110 24576 32760 12288 96926
230 8192 19110 24576 29484 12288 93650
231 0 19110 24576 32760 12288 88734
232 8192 19110 24576 29484 12288 93650
233 8192 16380 24576 31122 12288 92558
234 8192 19110 24576 31122 12288 95288
235 0 19110 24576 31122 12288 87096
236 8192 19110 24576 29484 12288 93650
237 8192 16380 22528 27846 8192 83138
238 0 19110 24576 32760 12288 88734
239 8192 19110 24576 31122 12288 95288
240 8192 16380 24576 27846 12288 89282
241 8192 16380 22528 29484 12288 88872
242 0 19110 26624 32760 12288 90782
243 8192 19110 22528 29484 12288 91602
244 8192 19110 24576 29484 12288 93650
245 8192 16380 22528 29484 12288 88872
246 0 19110 26624 32760 12288 90782
247 8192 16380 22528 29484 12288 88872
248 8192 19110 22528 27846 12288 89964
249 8192 19110 26624 32760 12288 98974
250 0 19110 26624 31122 12288 89144
251 8192 16380 22528 31122 12288 90510
252 8192 19110 24576 29484 12288 93650
253 8192 16380 22528 29484 12288 88872
254 0 19110 26624 31122 12288 89144
255 8192 16380 22528 29484 12288 88872
256 8192 21840 24576 32760 12288 99656
257 8192 16380 24576 29484 12288 90920
258 0 19110 24576 31122 12288 87096
259 8192 16380 24576 29484 12288 90920
260 8192 19110 24576 31122 12288 95288
261 8192 19110 24576 31122 12288 95288
262 0 19110 26624 32760 12288 90782
263 8192 19110 22528 27846 12288 89964
264 8192 16380 24576 29484 12288 90920
265 8192 19110 24576 32760 12288 96926
266 0 19110 24576 32760 12288 88734
267 8192 19110 26624 29484 12288 95698
268 8192 19110 24576 31122 12288 95288
269 8192 16380 22528 29484 12288 88872
270 0 19110 24576 31122 12288 87096
271 8192 19110 24576 31122 12288 95288
272 8192 16380 24576 31122 12288 92558
273 8192 19110 24576 27846 12288 92012
274 0 19110 24576 32760 12288 88734
275 8192 19110 24576 29484 12288 93650
276 8192 16380 24576 29484 12288 90920
277 8192 21840 24576 34398 12288 101294
278 0 16380 24576 29484 12288 82728
279 8192 16380 24576 29484 12288 90920
280 8192 19110 24576 31122 12288 95288
281 8192 19110 24576 32760 12288 96926
282 0 19110 24576 31122 12288 87096
283 8192 16380 24576 27846 12288 89282
284 8192 19110 20480 27846 8192 83820
285 0 19110 26624 32760 12288 90782
286 8192 16380 24576 31122 12288 92558
287 8192 19110 22528 29484 12288 91602
288 8192 19110 24576 29484 12288 93650
289 0 16380 26624 32760 12288 88052
290 8192 19110 24576 29484 12288 93650
291 8192 19110 24576 31122 12288 95288
292 8192 19110 22528 29484 12288 91602
293 0 16380 24576 32760 12288 86004
294 8192 19110 22528 27846 12288 89964
295 8192 16380 24576 27846 12288 89282
296 8192 16380 22528 31122 12288 90510
297 0 21840 26624 32760 12288 93512
298 8192 19110 24576 29484 12288 93650
299 8192 16380 24576 32760 12288 94196
300 8192 19110 22528 27846 12288 89964
301 0 16380 26624 31122 12288 86414
302 8192 19110 22528 29484 12288 91602
303 8192 16380 24576 31122 12288 92558
304 8192 21840 24576 31122 12288 98018
305 0 16380 24576 29484 12288 82728
306 8192 16380 22528 29484 8192 84776
307 8192 19110 24576 31122 12288 95288
308 8192 19110 26624 31122 16384 101432
309 0 19110 22528 29484 8192 79314
310 8192 16380 22528 29484 12288 88872
311 8192 19110 24576 29484 12288 93650
312 0 16380 24576 31122 12288 84366
313 8192 19110 24576 31122 12288 95288
314 8192 16380 24576 29484 12288 90920
315 8192 19110 24576 31122 12288 95288
316 0 21840 26624 32760 12288 93512
317 8192 16380 22528 29484 12288 88872
318 8192 16380 22528 26208 12288 85596
319 8192 19110 24576 31122 12288 95288
320 0 19110 26624 34398 12288 92420
321 8192 19110 24576 29484 12288 93650
322 8192 16380 22528 29484 12288 88872
323 8192 19110 22528 29484 12288 91602
324 0 16380 26624 31122 12288 86414
325 8192 19110 24576 31122 12288 95288
326 8192 19110 24576 29484 12288 93650
327 8192 19110 24576 31122 12288 95288
328 0 19110 24576 32760 12288 88734
329 8192 19110 24576 31122 12288 95288
330 8192 24570 34816 6552 16384 90514
331 8192 27300 36864 0 20480 92836
332 8192 27300 38912 0 16384 90788
333 16384 27300 34816 0 16384 94884
334 8192 27300 34816 0 20480 90788
335 8192 27300 36864 0 20480 92836
336 8192 27300 36864 0 16384 88740
337 8192 30030 36864 0 16384 91470
338 8192 27300 38912 0 20480 94884
339 8192 27300 36864 0 20480 92836
340 8192 27300 34816 0 16384 86692
341 16384 27300 36864 0 20480 101028
342 8192 27300 34816 0 16384 86692
343 8192 24570 34816 0 16384 83962
344 8192 30030 38912 0 20480 97614
345 8192 24570 34816 0 16384 83962
346 8192 30030 36864 0 20480 95566
347 8192 27300 36864 0 16384 88740
348 8192 27300 38912 0 20480 94884
349 8192 27300 36864 0 16384 88740
350 16384 30030 36864 0 20480 103758
351 8192 24570 34816 0 16384 83962
352 8192 27300 34816 0 16384 86692
353 8192 27300 36864 0 20480 92836
354 8192 27300 38912 0 16384 90788
355 8192 27300 34816 0 20480 90788
356 8192 30030 36864 0 16384 91470
357 8192 24570 34816 0 20480 88058
358 8192 30030 40960 0 16384 95566
359 16384 27300 34816 0 20480 98980
360 8192 24570 34816 0 16384 83962
361 8192 27300 36864 0 20480 92836
362 8192 30030 36864 0 16384 91470
363 8192 27300 36864 0 20480 92836
364 8192 27300 36864 0 16384 88740
365 8192 27300 36864 0 20480 92836
366 8192 27300 38912 0 16384 90788
367 16384 27300 34816 0 20480 98980
368 8192 27300 36864 0 16384 88740
369 8192 27300 34816 0 16384 86692
370 8192 24570 34816 0 20480 88058
371 8192 30030 40960 0 16384 95566
372 8192 27300 34816 0 20480 90788
373 8192 30030 38912 0 16384 93518
374 8192 27300 34816 0 20480 90788
375 8192 27300 38912 0 16384 90788
376 16384 27300 34816 0 20480 98980
377 8192 27300 34816 0 16384 86692
378 8192 24570 36864 0 20480 90106
379 8192 30030 36864 0 16384 91470
380 8192 27300 36864 0 20480 92836
381 8192 27300 36864 0 16384 88740
382 8192 27300 36864 0 20480 92836
383 8192 27300 38912 0 16384 90788
384 16384 27300 34816 0 20480 98980
385 16384 49140 6144 0 28672 100340
386 8192 46410 0 0 32768 87370
387 16384 46410 0 0 32768 95562
388 16384 46410 0 0 28672 91466
389 16384 49140 0 0 32768 98292
390 16384 46410 0 0 28672 91466
391 16384 49140 0 0 32768 98292
392 16384 43680 0 0 32768 92832
393 16384 46410 0 0 32768 95562
394 16384 46410 0 0 28672 91466
395 16384 49140 0 0 32768 98292
396 16384 46410 0 0 28672 91466
397 16384 49140 0 0 32768 98292
398 16384 49140 0 0 32768 98292
399 16384 49140 0 0 32768 98292
400 8192 46410 0 0 32768 87370
401 16384 46410 0 0 32768 95562
402 16384 46410 0 0 28672 91466
403 16384 49140 0 0 32768 98292
404 16384 49140 0 0 32768 98292
405 16384 46410 0 0 28672 91466
406 16384 46410 0 0 32768 95562
407 16384 46410 0 0 32768 95562
408 16384 43680 0 0 28672 88736
409 16384 49140 0 0 32768 98292
410 16384 46410 0 0 28672 91466
411 16384 49140 0 0 32768 98292
412 16384 49140 0 0 32768 98292
413 16384 49140 0 0 32768 98292
414 16384 49140 0 0 32768 98292
415 8192 43680 0 0 32768 84640
416 16384 46410 0 0 28672 91466
417 16384 49140 0 0 32768 98292
418 16384 46410 0 0 28672 91466
419 16384 49140 0 0 32768 98292
420 16384 46410 0 0 32768 95562
421 16384 46410 0 0 32768 95562
422 16384 46410 0 0 28672 91466
423 16384 46410 0 0 32768 95562
424 16384 49140 0 0 32768 98292
425 16384 46410 0 0 28672 91466
426 16384 49140 0 0 32768 98292
427 16384 49140 0 0 32768 98292
428 16384 49140 0 0 32768 98292
429 16384 49140 0 0 32768 98292
430 8192 43680 0 0 32768 84640
431 16384 46410 0 0 28672 91466
432 16384 49140 0 0 32768 98292
433 16384 46410 0 0 28672 91466
434 16384 49140 0 0 32768 98292
435 16384 43680 0 0 32768 92832
436 16384 46410 0 0 28672 91466
437 16384 43680 0 0 45056 105120
438 32768 0 0 0 65536 98304
439 32768 0 0 0 61440 94208
440 32768 0 0 0 61440 94208
441 32768 0 0 0 61440 94208
442 32768 0 0 0 61440 94208
443 24576 0 0 0 61440 86016
444 32768 0 0 0 65536 98304
445 32768 0 0 0 61440 94208
446 32768 0 0 0 65536 98304
447 32768 0 0 0 65536 98304
448 32768 0 0 0 65536 98304
449 24576 0 0 0 61440 86016
450 32768 0 0 0 65536 98304
451 32768 0 0 0 65536 98304
452 32768 0 0 0 61440 94208
453 32768 0 0 0 61440 94208
454 32768 0 0 0 61440 94208
455 32768 0 0 0 61440 94208
456 32768 0 0 0 61440 94208
457 32768 0 0 0 65536 98304
458 24576 0 0 0 61440 86016
459 32768 0 0 0 61440 94208
460 32768 0 0 0 65536 98304
461 32768 0 0 0 65536 98304
462 32768 0 0 0 65536 98304
463 24576 0 0 0 61440 86016
464 32768 0 0 0 65536 98304
465 32768 0 0 0 61440 94208
466 32768 0 0 0 61440 94208
467 32768 0 0 0 65536 98304
468 32768 0 0 0 61440 94208
469 32768 0 0 0 61440 94208
470 32768 0 0 0 65536 98304
471 32768 0 0 0 61440 94208
472 24576 0 0 0 61440 86016
473 32768 0 0 0 61440 94208
474 32768 0 0 0 65536 98304
475 32768 0 0 0 65536 98304
476 32768 0 0 0 65536 98304
477 24576 0 0 0 61440 86016
478 32768 0 0 0 65536 98304
479 32768 0 0 0 61440 94208
480 32768 0 0 0 61440 94208
481 32768 0 0 0 61440 94208
482 32768 0 0 0 65536 98304
483 32768 0 0 0 61440 94208
484 32768 0 0 0 61440 94208
485 24576 0 0 0 61440 86016
486 32768 0 0 0 61440 94208
487 32768 0 0 0 65536 98304
488 32768 0 0 0 65536 98304
489 32768 0 0 0 65536 98304
490 65536 0 0 0 32768 98304
491 98304 0 0 0 0 98304
492 98304 0 0 0 0 98304
493 98304 0 0 0 0 98304
494 90112 0 0 0 0 90112
495 98304 0 0 0 0 98304
496 98304 0 0 0 0 98304
497 98304 0 0 0 0 98304
498 98304 0 0 0 0 98304
499 98304 0 0 0 0 98304
500 98304 0 0 0 0 98304
501 98304 0 0 0 0 98304
502 98304 0 0 0 0 98304
503 98304 0 0 0 0 98304
504 90112 0 0 0 0 90112
505 98304 0 0 0 0 98304
506 98304 0 0 0 0 98304
507 98304 0 0 0 0 98304
508 98304 0 0 0 0 98304
509 98304 0 0 0 0 98304
510 98304 0 0 0 0 98304
511 98304 0 0 0 0 98304
512 98304 0 0 0 0 98304
513 98304 0 0 0 0 98304
514 90112 0 0 0 0 90112
515 98304 0 0 0 0 98304
516 98304 0 0 0 0 98304
517 98304 0 0 0 0 98304
518 98304 0 0 0 0 98304
519 98304 0 0 0 0 98304
520 98304 0 0 0 0 98304
521 98304 0 0 0 0 98304
522 98304 0 0 0 0 98304
523 98304 0 0 0 0 98304
524 98304 0 0 0 0 98304
525 90112 0 0 0 0 90112
526 98304 0 0 0 0 98304
527 98304 0 0 0 0 98304
528 98304 0 0 0 0 98304
529 98304 0 0 0 0 98304
530 98304 0 0 0 0 98304
531 98304 0 0 0 0 98304
532 98304 0 0 0 0 98304
533 98304 0 0 0 0 98304
534 98304 0 0 0 0 98304
535 90112 0 0 0 0 90112
536 98304 0 0 0 0 98304
537 98304 0 0 0 0 98304
538 98304 0 0 0 0 98304
539 98304 0 0 0 0 98304
540 98304 0 0 0 0 98304
541 73728 0 0 0 0 73728
